Date,RTNStock_Open_average,RTNStock_Open_max,RTNStock_Open_min,RTNStock_Open_volatility,RTNStock_Open_change,RTNStock_High_average,RTNStock_High_max,RTNStock_High_min,RTNStock_High_volatility,RTNStock_High_change,RTNStock_Low_average,RTNStock_Low_max,RTNStock_Low_min,RTNStock_Low_volatility,RTNStock_Low_change,RTNStock_Close_average,RTNStock_Close_max,RTNStock_Close_min,RTNStock_Close_volatility,RTNStock_Close_change,RTNStock_Volume_average,RTNStock_Volume_max,RTNStock_Volume_min,RTNStock_Volume_volatility,RTNStock_Volume_change
2018-04-08,1.227016939505513,1.2626982428599431,1.404710192100754,-0.38835599218142547,0.8593848122051979,1.1639695654260123,1.0446325742853257,1.240633060293851,-0.687118853236614,0.3946114410165141,1.2805091143460976,1.1922060902398246,1.3330886222158338,-0.3910984705272223,0.3732224150568048,1.2029113343355935,1.1641394978490673,1.336010904258116,-0.3036457599636981,0.4482011707209329,-0.21807009821990703,-0.4359093597649657,-0.2707729359141153,-0.3581752129905029,-0.7935991734353098
2018-04-15,1.9085370627304312,1.9088327122836029,1.814466772520409,-0.493955238638389,0.7296123442417638,1.8983387662977138,1.9399217712336883,1.8160933758131261,-0.8489043248378546,0.25243719216699273,1.9184624347719685,1.843463821518835,1.8041024526318887,-0.7234195897524647,0.29376739701270077,1.9720591147085642,1.9275245257315574,2.0014373775726955,-0.905567335685862,-0.050947620382175936,-1.019764894263705,-0.8490366879539429,-1.4095047228889774,0.15653044717785053,-0.7269033802056968
2018-04-22,0.8630285371129803,1.741858779126531,-0.001735360502255953,2.284865883003857,-2.1560193163287185,0.7031516826193306,1.7558459830947701,-0.4731522411467046,2.8811562548891043,-2.5164015423140143,0.04138366137822827,1.597703899487181,-0.7328916180447284,2.762909412327851,-2.6024031901109437,0.1499094867312793,1.5928196798258665,-1.0357306393448003,2.9683763379313284,-2.8532246403562302,1.9163993724927137,2.2972648588331004,-0.007300491355897054,2.831748978294714,1.8123516299433904
2018-04-29,-1.6899459466115148,-1.8276238349335976,-1.3268245592420533,-0.7019168585151966,-0.22197570941416786,-1.8926750319563572,-1.8235409688873196,-1.604002407935022,-0.36145782869955617,-0.45746383883401676,-1.576986654209118,-1.529705317264892,-1.3172163316619099,-0.14850422012150447,-0.3084674881666167,-1.6983302196089527,-1.6609228062353043,-1.3162629368575374,-0.5050424795684829,-0.2721025395520881,0.8375607494022995,0.794938702261469,0.36146242469285317,0.781828166597911,-1.0959954352382988
2018-05-06,-0.8521248532028723,-0.718350353382288,-1.1820012125669608,0.5697931166363761,1.1892505312656252,-0.8523349425347984,-0.8811060310494584,-1.237903517571004,0.4866642572489738,1.1732183527094773,-0.5882830194387751,-0.6058994019505807,-0.8047195708342716,0.24388010298242466,1.077481766790842,-0.6383670906746505,-0.6240672019964999,-0.903399639240834,0.2813061300583109,1.0142094366212615,0.7104378886049642,0.43398708696063326,1.656242339866469,-0.26834524796920006,-0.07638375368313684
2018-05-13,-0.6599322020216231,-0.5897883481318218,-0.4131724054827961,-0.3206076622795926,-0.1737854804980681,-0.7879066420846645,-0.8465903943595118,-0.4494691071331393,-0.5645871735543945,-0.10012308976633862,-0.555117530884005,-0.8241458310286769,-0.19481292974308456,-0.7192623886540338,0.4200596076537505,-0.7174743341537446,-0.9334401501710269,-0.2819296928194805,-0.753599205697501,0.30925948903054706,-0.6188794626455546,-0.8272580360277003,-0.8347341544985759,-0.5930980618585854,-0.45982239570282485
2018-05-20,-0.5279308709900179,-0.6286061256560507,-0.54002809005262,-0.2735568073314933,0.4614692358070272,-0.4600072613608167,-0.681474539761876,-0.28278427071301315,-0.586655161374512,0.11132417344575998,-0.35596504807927315,-0.5189586469702199,-0.30338169152602573,-0.2831349731150939,0.1143993787132938,-0.38720251459703564,-0.44540813085550585,-0.42973845399797483,-0.06332399078159313,-0.22073058270753684,-0.6562476462304997,-0.6592601950939353,-0.6694922233123947,-0.4632796684271374,0.13876804058357756
2018-05-27,-0.4642285849981773,-0.711336340336926,-0.02912311628350834,-1.1589660243926554,0.2579882169945662,-0.5687853724803834,-0.8346130581670314,-0.2961964610660971,-0.783954544267859,0.24549249875816673,-0.3014488314811322,-0.5996405121418837,-0.01902898250161495,-0.6912548395180397,0.41233627286967284,-0.4901094789532807,-0.5974852797202588,-0.18662399807620778,-0.4939877520096179,0.34076583444576175,-1.32570586410584,-1.257724522270138,-1.2659122145204451,-0.9142740844938065,-0.8168255345519803
2018-06-03,-0.15111216357003815,-0.5287555377049145,0.22992471759992636,-1.1660946679036717,0.37544512300383026,-0.2702340095603809,-0.514056065443487,0.11604818203251796,-0.8758335759122157,0.28240503492292895,0.10397833733392649,-0.3500239235350618,0.46036488502496403,-0.9083022919649895,0.19745639640777862,-0.013251897393784354,-0.26042591853434405,0.41400615132309015,-0.7293092881185133,0.2684818673445786,-1.1654813725244813,-1.1268662335323683,-1.5592831374295284,-0.5883281911647423,0.23893502179228907
2018-06-10,-0.8358595569255612,-0.3674345542838059,-1.3085915784170254,1.2465429232480398,-1.5982328650603932,-1.0480420996048667,-0.5116832192671131,-1.510279654049748,1.3111351708045422,-1.5599858764658159,-1.0114866275375587,-0.3179194937307578,-1.2313797887280304,1.0200865371928844,-1.348040860080071,-1.1981838919052852,-0.5883930742318302,-1.2395786043373171,0.707878851870471,-1.1802088658693595,1.3468219167381412,1.3253996820685738,1.1878354036167027,1.0711666304489413,1.6378913753879132
2018-06-17,-1.9180354035699345,-1.836398923716126,-1.7822723723504985,-0.3710637650745196,-0.39877006790439795,-1.9980152587352538,-1.817889758407184,-1.9165907546510492,0.2368678842490146,-0.7283341172617076,-1.9792905634382707,-1.8087983767927915,-1.8348887794244675,0.11459458541811557,-0.5458069546821711,-1.9990247274241115,-1.6853666567420027,-1.8957429125143588,0.35099449104812463,-0.8342387686854803,1.072247571691081,1.33145900519017,1.3388465129913174,1.0401353027963611,1.756882202221253
2018-06-24,-1.8747928558705047,-1.950609388611884,-1.7114909352956804,-0.9815890223358418,0.3259181984673397,-1.8617403999133586,-1.965382375216202,-1.6702637908901765,-0.7179711446236166,0.2620009760100913,-1.804492705273144,-1.9723056683742481,-1.6181525804305252,-0.6750200956137995,0.30069806472034427,-1.871819025970721,-2.044582295441635,-1.6044798289995439,-0.8713669579527461,0.1754407614070181,-0.3913982447555336,-0.7934594389399531,0.5599531557473997,-1.281066575965991,-0.36286400430331023
2018-07-01,-1.473289876514722,-1.4864895646468577,-1.3851679985282719,-0.6898667966706641,0.22629786588391126,-1.5134545961999342,-1.5560265702087284,-1.352544843735182,-0.6600805070673456,0.2933487125324355,-1.4553924630478474,-1.4903143214576737,-1.2837943437783443,-0.5189574111842106,0.210356221362362,-1.4507056063072428,-1.5571598346672395,-1.2522008403591767,-0.759760651968012,0.16543585231995975,-1.263001230781522,-1.1239299695532146,-1.2291955381329986,-0.8404550837617439,0.12237399691656628
2018-07-08,-1.1150428866775355,-1.118602670957085,-1.0638304766206685,-0.5629283651862939,0.6958200334957189,-1.1021741042640993,-1.0802184305573357,-1.09216009903721,-0.2423173760296494,0.5976057551599113,-1.0359819025951786,-1.0483292331108391,-0.9014705005588559,-0.4376195646139437,0.6207033915617597,-1.0069510370310462,-0.958225622029718,-1.039113719675959,-0.09118935943048971,0.5811605763878697,-0.5087735052078588,-0.6489264203462044,0.016901396524463846,-0.8574138340749188,-0.35935085001949085
2018-07-15,-0.5605188181405076,-0.7023088043908149,-0.37263833854661876,-0.8618715073338724,0.420020115706892,-0.57573626440343,-0.7123715857806635,-0.3749957730469944,-0.7880200259475418,0.40698166852958056,-0.42622707393195525,-0.6505869892674844,-0.1891168525305973,-0.7675188276103307,0.37690973141221795,-0.5032266394137536,-0.6837294858333639,-0.3195811366735801,-0.6818268271264114,0.5141273054346388,-1.2038363047926224,-1.0547085412912545,-1.1803539237934964,-0.8122102152939948,-0.8561827197852298
2018-07-22,-0.9547166676412007,-0.5578079835017338,-1.2476943436088823,1.2376910823023801,-1.321025490858101,-0.9412846160145941,-0.6679570491877251,-1.2336992746749742,1.2376000015409963,-0.9042405136789099,-1.2014268177823908,-1.010255463259379,-1.593400675069961,1.3668901647077876,-0.4829335045865662,-0.9829362925688068,-1.049747534512983,-1.1634912798237806,0.11842252499487678,0.016420791721227374,1.9564990561892834,2.164722592427523,1.9112738971398227,2.117893801092312,0.30852151505516684
2018-07-29,-0.8697474260641738,-0.9669358956483022,-0.8458043235170901,-0.4531043558391087,0.365876988737367,-0.8597132575560391,-1.0177247777723506,-0.6000165325199073,-0.9269064036266482,0.27091493144305206,-0.8523810428183585,-0.9514755016318786,-0.662977585712203,-0.5561871513050498,0.1814949768395193,-0.8405819834451562,-0.8870355416592134,-0.9097304531415433,-0.06176484433949696,0.5092942697779175,-0.08679652957055535,0.32555477424021656,0.1673173670600008,0.39757890250658046,-0.4184191842673713
2018-08-05,-0.7142401383096161,-0.8414941973600022,-0.5279399053634712,-0.8234182469082957,0.22111789712772675,-0.7817981709581131,-0.8933719929446566,-0.6079221133122829,-0.6371174067650631,0.4755424333386236,-0.6574652171575042,-0.837604248704392,-0.5351622099766851,-0.5751933864152172,0.4620892591084693,-0.6740366172147016,-0.8145313393024831,-0.4696818392705455,-0.8956091423506688,0.24745828462530117,-0.8262719741576712,-0.7778624763547441,-0.8365111431559319,-0.686215954242151,-0.7826224605916194
2018-08-12,-0.5524154342281729,-0.5969551290103874,-0.38630731531830365,-0.5259130556931527,0.726848684287063,-0.5811544405778483,-0.6161865449363021,-0.4447877610633219,-0.38186707162885647,0.8362582898791264,-0.45121724575096606,-0.5367184784423076,-0.3739341337523222,-0.3181600201015221,0.6921975458668417,-0.49285359009857066,-0.5093226353349753,-0.5125713783824987,-0.08462854480299917,0.8510594344648401,-0.6697016315975511,-0.6616024363896401,-0.7257503755258926,-0.575600282561228,-0.20331176072941695
2018-08-19,-0.06897503424577914,-0.23143785645247789,0.02935271854185853,-0.5106315000882179,-0.09218181005312794,-0.13103666955797175,-0.30789165027764726,0.0458246299921662,-0.6556576463627155,0.09808687419555213,0.07999288036773962,-0.12967902359563818,0.20921578846789055,-0.6378734603827496,-0.04099800426632157,-0.008938762017947613,-0.19397700309486882,0.05888580864675113,-0.5567069899566093,0.05969130128535039,-0.6651160595203045,-0.6764677948579849,-0.6999810767666004,-0.6165967763149005,-0.9062279269652511
2018-08-26,0.2028439764868368,0.14039676864914813,0.1980960700309406,-0.055082072308354636,-0.3088646446968464,0.13530827304512907,-0.03891549734337564,0.23790332749078777,-0.41882563930791944,-0.19517314576787625,0.2798743482444662,0.12835024296255143,0.3756323929026478,-0.4109822866121369,-0.3726163909504869,0.1966715749221082,0.06356154532350941,0.3834449746312547,-0.5617371181584159,-0.2455451657428212,-0.5734855348945684,-0.6658422582559529,-0.5697384661187536,-0.6821960479137164,-0.5156046670959438
2018-09-02,0.3055880270490604,0.2812019462606385,0.6378858530170723,-0.14842647978817847,0.8558127799956178,0.42122976804339146,0.3259873673165346,0.5572061264865747,-0.018017107753731994,1.1308573358915286,0.46416901055454324,0.1864412487424987,0.7352837195963737,-0.5437661907760926,0.8129300107815914,0.5459893540398137,0.45029785858708066,0.692734824585424,-0.01495170081927327,0.6884879548037363,-0.5237675132009288,-0.6638400630640107,-0.27021195112735846,-0.853573730866802,-0.6657470647236081
2018-09-09,0.8877575870160438,0.7087832784455074,0.7886155285204198,-0.09063924879082155,0.11562883011690975,0.9385221871825652,1.3676379632161726,0.6239014291912055,0.7684152614084044,0.9981076197355685,1.0172165477800572,1.074175765087515,0.8758661725017719,-0.2109191712646479,0.48063123332427093,0.9728497442160013,1.2894264894210266,0.7369893933953682,0.7881323772568323,1.133780347532492,-0.6675892856973323,-0.4658462599829297,-0.7300705652928179,-0.27068673580109126,-0.091890425586248
2018-09-16,2.239395312400546,2.3701194249252007,1.7978534493282317,1.2982868359598658,-0.5610758363799658,2.4400639909742017,2.5838678640365527,2.0440411762284802,1.477315714938352,-0.8626644044724003,1.8219493259433837,2.2184466025600624,1.0252718529063367,1.3543643609376126,-0.8735697775819078,2.0945002610642507,2.2071990323251494,1.6092713369859437,1.7783625486565793,-1.2233256983371275,0.5725658524736817,0.6275000316118359,0.5240131080614703,0.6407730859697133,2.470784380009764
2018-09-23,1.7759840121577635,1.5507235495642546,1.7844781961984357,-0.17007014361578768,1.069807186792838,1.6919177880598002,1.2879270941765024,1.5273791319833006,0.000981758014068185,1.1524946528903897,1.7710175758842692,1.8430595324255707,1.5156141411620958,0.07824380876684858,1.5753064442328784,1.8780211848513713,1.6046395265225326,1.7385610490251695,0.23597245995162958,1.5022319284578154,-0.4313049290572435,-0.3470819441150335,-0.8138560173340554,-0.028843778254502475,1.3277487367195397
2018-09-30,2.1138064359445177,1.943578591552396,2.177492487979748,-0.47541743746011345,0.29714190608428004,1.9775795822374165,1.5985646418797268,2.1524818772652945,-0.8670563268837789,0.3315442748569036,1.9847160911606876,1.8303365552929898,1.9596168239404217,-0.9758596874451738,-0.3679526338471392,2.0423484866915333,1.7091919041569676,2.220976077875653,-1.328139428991712,-0.9074183067739813,-0.6545554895832671,-0.694312418307523,-0.47629843768604874,-0.8004771432761039,-0.671583896432086
2018-10-07,0.2579395538651473,1.089407640337832,-1.1723774125702138,2.5732047176530926,-2.565941616159584,0.17936649842592717,0.9794168715936413,-1.2441220576586312,2.4600744219763544,-2.676493979682702,-0.2436417892106124,1.2885849674973484,-1.3305946717234238,2.713527848522658,-3.027528754112686,-0.504308874224163,1.1360438365757284,-1.5684831908642813,2.959368004747266,-3.0235277841022685,0.2843195643232996,0.3823173229030405,0.1651902870842996,0.504015308472132,0.33123281963681406
2018-10-14,-1.6343760947280863,-1.4540379273979707,-1.308949665915061,-0.16590303628702838,0.15051328618950371,-1.6550908086591982,-1.5606212247203088,-1.3964407943605086,-0.2648971677499612,-0.020045614040608725,-1.4968356830535834,-1.6109124237833365,-1.078845751143642,-0.3578044373592298,0.07105550511084105,-1.640596486711543,-1.395824527315904,-1.3077501813878278,0.00813588428811053,-0.16454919303515084,-0.16068100842241878,-0.2408647014076932,-0.13675393719665582,-0.2963497046609038,-0.8274123807313559
2018-10-21,-2.2993452599241575,-1.8054287541459144,-2.8701149858410813,2.6822091741258487,-2.549756503689492,-2.2211905188598644,-1.7903068530215958,-2.7772597981057383,2.3596061741878565,-2.295920897576449,-2.5895139024800287,-1.8894271773566198,-2.825017613934988,2.4260856321470112,-2.3645098694470676,-2.498055510241856,-1.9762122767151133,-2.64999354296463,2.000972053253542,-2.0453928965002217,2.9787289639599654,2.8128014187358628,1.3833721730219637,2.987798327921709,2.9057346676489226
2018-10-28,-2.5530123161060048,-2.469909287559388,-2.363737344794346,1.4701903444282713,0.7756738089147244,-2.456533519557126,-2.317006916030194,-2.2198934984364924,1.0619969854446012,1.109077749540956,-2.4807899963214073,-2.3951261836398188,-2.3284168809709667,1.51491644862305,1.9049353211710465,-2.4313925681417596,-2.483887779027109,-2.4195525066289183,1.368391059398406,1.8753295443882838,2.3846697094291853,1.8941222678897136,3.1190946397297767,0.49838325487979357,-1.0412625454171338
2018-11-04,-1.2569514128464438,-1.4857737032361227,-0.8606621578724634,-0.41170285304993115,0.6737670338089449,-1.309501723684602,-1.5001645454221346,-1.0342406132329522,-0.31795336486907844,0.7970028174422785,-1.0664549650046478,-1.479252866035433,-0.7591545367687412,-0.4829329134465882,0.4989727139660492,-1.1024519660198038,-1.3925898247553865,-0.8988188914594719,-0.3298969053565541,0.6956750498174576,0.30470264510232653,0.2809183745019343,0.27733269941617905,0.20188320068965068,-1.3034523480174862
2018-11-11,-1.264437482043304,-1.188636101027312,-0.9929420248137215,0.2890498644607424,-0.4605149869013874,-1.3501100318590484,-1.3183101947215043,-1.018623187801845,-0.13009397754660146,-0.6227140450325062,-1.261488059054031,-1.6020741592539902,-0.9172531591220648,-0.567487816496062,-0.02124800406376878,-1.3185155343999493,-1.6040139917359642,-0.9805790612013106,-0.7742828221405976,0.0762909518522979,-0.21699558429498605,-0.4638785892355318,0.2989420027776133,-0.8355723572112362,-0.3795323760608509
2018-11-18,-1.6222262678856105,-1.5091494964287016,-1.3835967381586154,0.6233417860858297,-1.0764447826147485,-1.7001005919861079,-1.5923031750144452,-1.4697867648750844,0.3595290095427282,-0.9007688153933201,-1.577711434045687,-1.7531945424737612,-1.2548315808491035,-0.4213761696228826,-0.2928454918772468,-1.6496213242543718,-1.7957828111584058,-1.4081362558765835,-0.4992057547267635,-0.2855275160161915,-0.1530987993272086,-0.051639070940628806,-0.9870138700028875,0.611177048048122,-1.41394999615758
2018-11-25,-1.4700077365542434,-1.8046112247325636,-1.137872427649657,-0.9905639154695939,0.37405646798916875,-1.528769773124476,-1.7785337984874023,-1.2673031808119029,-1.1371530599999158,0.23468598680260666,-1.3789641691105108,-1.614025563083222,-1.2156937549755427,-0.5028191153477518,0.1447201137411372,-1.387891531391868,-1.535228750275442,-1.2281450412631727,-0.6332188442495614,0.16116482877652252,0.1244733115418875,0.3524554697208087,0.3917650539913707,0.19382917240940303,0.8662413829825965
2018-12-02,-1.410972000529726,-1.2317677050840439,-1.4310775035194971,1.0736098444386426,-0.8792235033411517,-1.4195157421032851,-1.3170238573256141,-1.4291943081098208,0.6446717380667576,-0.802848619134516,-1.478741417635607,-1.370928099050195,-1.4131064223905458,0.44108117545700587,-0.5833603546350372,-1.5124064563614537,-1.428236687803362,-1.429200320012749,0.17057574838454378,-0.841513895656604,1.4043360473854756,1.1511244273248444,1.7387915418124846,0.1558469315666494,-0.13262587638565396
2018-12-09,-1.1155189509254064,-1.2671432514208536,-0.9590155962897948,-0.41159234840737574,0.7712675072236046,-1.1423973955523008,-1.3152566221830186,-1.0127817087343598,-0.7907406271865831,0.3454187439265514,-1.0621483510923009,-1.202157461287187,-0.9718852825138576,-0.3832566246776112,0.5059591496233021,-1.081829805507144,-1.2320928455930134,-0.9350525159533059,-0.8544032916645767,0.04045125398583058,0.39946309665947627,0.46603590281744633,0.017708009522145247,0.6316219096399739,-1.1168901824106316
2018-12-16,-1.489582921551805,-1.421240628545795,-1.7339456062394143,1.5047091797790306,-1.609097261422393,-1.4778016712303916,-1.416117895327716,-1.697772124155914,1.252565351706622,-1.3052038540767164,-1.504287231794345,-1.420553449394833,-1.646473997343243,0.9607083937804053,-1.1759935129508632,-1.5493813326450072,-1.433663523339809,-1.791372679750766,1.3457460464704185,-1.408325918917022,0.5890377423612966,1.113142218055936,0.3395690348788648,1.2542788547899213,1.3696493592304202
2018-12-23,-1.9088295317139945,-1.9587574394967022,-1.6663643224738673,-0.26636596873206225,1.1735883270040037,-1.9397977331253096,-2.013349394044984,-1.8275310021222906,-0.4038296277579236,1.1310063468911256,-1.8608812574672735,-1.866574022924238,-1.725674062647809,-0.0690759757372492,0.8820273317159054,-1.8263881877284471,-1.8453756556473697,-1.7429324070441428,-0.11228875928775758,1.0295869533859652,0.1875172848742895,0.08285658133026522,0.13915259906764121,0.005146302515771961,0.3338770361586548
2018-12-30,-1.5676298799898967,-1.7630720632607344,-1.311026347504772,-1.277702274439715,0.46460194944479916,-1.6007719832120155,-1.7335279281821723,-1.4363817855366225,-1.3735582528285393,0.4687149800962025,-1.5134760504252405,-1.6268431061971553,-1.3256278064394322,-0.9736516602010221,0.20433673705732255,-1.5220350655248132,-1.566805851177703,-1.4305899223838974,-0.6710403911855358,0.32914924500694903,-0.2764174332836199,-0.01921082142534751,-0.28350647775213117,0.1967451850321141,-0.024100221358510334
2019-01-06,-1.1145395642847513,-1.262218080121916,-0.9746489517484094,-0.7346638343634172,1.012290413518902,-1.1702306959580402,-1.2437958739936665,-1.1245682406280295,-0.5877250473282504,0.8837706378414237,-1.028228914834361,-1.1670164374438545,-0.9557635395447347,-0.5047797201992102,0.6137258274538284,-1.040036129919567,-1.1096871390685694,-0.9109026822233734,-0.5846984402507848,0.6147313691816498,-0.8756054389301052,-1.0867327288509359,-0.09990365859005564,-1.2568982076839519,-0.1728836310842563
2019-01-13,-0.7387470084780963,-0.7165204773561537,-0.5697481704551096,-0.4586047878623357,1.1106714670846463,-0.722714819020418,-0.574596699505432,-0.6771114753007423,0.08153262282736354,1.1263500402489028,-0.6367596252227676,-0.5267629145950687,-0.4777358629557969,-0.1695046669829066,0.8407241586128485,-0.637076469927593,-0.5667109205121091,-0.5045955902791794,-0.19776363186610268,0.6796381036985844,-0.2397322493298144,0.2155589070331787,-0.6858812914874598,0.7362380691135697,0.7171724915165099
2019-01-20,-0.18088537923714568,-0.33178305728061347,0.057756469594164236,-0.8827890452389251,0.6525182569719055,-0.24372186609427576,-0.3847623723674569,-0.12169336245089615,-0.8574945719893823,0.542220605472715,-0.09428879058274588,-0.19148488784855758,0.01597366943878757,-0.5306070517975956,0.45516959575662275,-0.18199373523934423,-0.26595517432671045,-0.06116238496223814,-0.5738140125679978,0.4384350335719342,-0.6889804018412983,-0.6092701320161199,-0.4214077450710857,-0.41754805954603086,-0.3552233534401657
2019-01-27,0.07447001734996639,0.027458343851594888,0.18937029057278484,-0.38036620920890407,0.20246855690383622,0.12559767169841574,0.06879101503707412,0.19536922656221098,-0.39610445663449406,0.254096265856163,0.1107522188377937,0.03050240256817494,0.19671541905218803,-0.5904856616170227,0.04089073666543541,0.12509642168492305,0.17261750003759882,0.05499762204786826,0.36677223781344453,-0.40991731758212724,1.4075756116936493,2.2853637284879014,0.3305100066165915,2.3998681503235773,1.3562350623936097
2019-02-03,0.7065814668789124,0.5345481754002606,0.36920005352705815,0.4113123033333072,1.3175825316470164,0.8110759290320432,0.5430315733115111,0.8824891157450196,-0.907120871294787,0.526547590233738,0.8542945375515526,0.799661025220927,0.48590685830235225,0.7561848932185561,1.2719664792000096,0.999723387849247,0.8205046559638473,1.0715260507201363,-1.1639317194459566,0.33429809552503215,0.39506265310366634,0.016929506466991397,0.7228087041155793,-0.33592210992959715,-1.0768804544771526
2019-02-10,1.4958721746733135,1.3141591887077204,1.4965114635853027,-0.24514225302817638,0.8287318904374941,1.4933543438388026,1.4576651365838618,1.3734962419859889,0.37026325441205876,1.1731708024859566,1.6308148275642922,1.6469173800434682,1.5852725168043587,0.038513002512956786,0.8767346449808237,1.6226269047005655,1.728174110030455,1.4462311837836748,0.36235874590636674,1.1513791789357137,0.07859565126350825,0.009357302476249997,-0.5567079889055604,0.31851574020007645,0.34639058876228024
2019-02-17,1.7864886958398907,1.6391719692376316,1.9319632074256647,-0.8732070703387498,0.19132577703427753,1.7260441140295542,1.6108167811416372,1.7779084745627365,-0.6100007679055446,0.19489528414877116,1.7874395705250017,1.6806257055265124,1.9281772436804685,-1.18146982824421,0.1383303171840966,1.7898017281743623,1.710515732997707,1.7784704750226965,-0.8513100816429862,0.28696237456914414,-1.2057383974720302,-0.6502264753606677,-1.166919623307387,-0.14085538336300527,-0.7732736488472505
2019-02-24,1.5778895558052561,1.4781576243018184,1.6985726289356151,-0.8496640111006273,-0.12961406092237293,1.5260125641907525,1.4217702861979118,1.593180492803586,-0.7494222764403256,-0.1852205457057553,1.5766300055188354,1.501347047017732,1.665715979230439,-1.0587069345823592,-0.3378566425998297,1.5318770099874568,1.4210097435828213,1.5666119526034363,-1.1599955279908063,-0.04908805191385112,-0.8519490566546086,-0.3567971298054149,-0.07311451401460047,-0.34585992800678744,-0.4232880394241393
2019-03-03,1.11477058169273,1.2237337818225535,1.0440091108085034,0.288118853812187,-1.1808959849279355,1.0781844325415875,1.2070683583256319,1.0158904651051999,0.6065430800910916,-1.3079716526331149,1.0281586486015497,1.0597595279619245,0.9953037046668449,-0.08687725731903703,-0.9840138733709856,1.0316615221212393,1.0434762379073403,1.028700742297532,-0.43556007252183054,-0.6417475567014369,0.1105851075993658,-0.37301818441647944,-1.646196847977854,0.1070719965450915,-1.542458214875923
2019-03-10,0.8830204314732648,0.7948229904069587,0.9745293552428983,-0.7610246431125963,0.000537715348135753,0.8573348145831852,0.7671848224941846,0.8894780007054753,-0.5801549023146443,-0.42796711390630926,0.8710632700745458,0.795364894826523,0.9302014915910217,-0.8494112623270519,-0.4193470219543524,0.8336574333012631,0.8216620444016037,0.7918586621366578,-0.2703025826093724,-0.8085994123507267,-0.9315557906927219,0.8921252365553843,-1.1599776894582006,1.2553032706334948,1.7436057690001856
2019-03-17,0.6997594521406336,0.6244630485918445,0.7681088171760857,-0.8852770712668843,0.10678576637972373,0.7338726865473808,0.6799716400693747,0.7836893214418188,-0.6601349635596316,-0.13371908547798395,0.7308797399787716,0.668345472376492,0.829368187677116,-1.1940371946044428,-0.1641404326663956,0.720005100870108,0.6958797605588394,0.8054922039385987,-1.1023207332395744,-0.4854185641108333,-0.7684790906347919,-1.092241737438933,-1.2499965265737163,-0.7314263636995633,-0.3378951047687601
2019-03-24,0.6802966957310981,0.5689576309174852,0.7937836160426051,-1.135050352845075,-0.08419538029696651,0.6293002739116991,0.5247939742867218,0.6939200578491296,-0.886858651815694,-0.10670965194145361,0.6695112306160232,0.6177672752850172,0.8013106778117203,-1.1484992240129654,-0.26794645478660695,0.6413744525667482,0.5956535333499977,0.683734642453296,-0.8136057409385189,0.10956875134935498,-2.1076520420202303,-1.7357674818763391,-1.384281750863829,-1.4721104594900911,0.0905784894394484
2019-03-31,0.6191335209112532,0.8102028821294398,0.42503843874716113,1.3606469756972603,-1.7010441111343144,0.6532897011698752,0.8753200186689593,0.4656120584275199,1.6933460413259442,-1.5867592172662368,0.5507903494038645,0.9353138682755769,0.4252114753087902,1.78210633700781,-1.9733215945592277,0.537687478434357,0.8550660882593701,0.3147649836568267,2.0151494468758773,-1.5856962821403275,1.8413110046712708,1.831517452013207,-0.1158303305604292,1.9463903126107507,0.8250542585261519
2019-04-07,0.34278607867950545,0.4042274494459261,0.49960301045494043,-0.43824477839630926,0.35020584267134,0.3506643313036466,0.4849444169610765,0.32789765837119655,0.48154820809804527,0.6062992893992517,0.4006600078446415,0.5111479506258125,0.4672685387539906,-0.028663739236498283,0.4227914297398665,0.4383204038444876,0.6089753120659678,0.3640654423884999,0.6502379878902317,0.6045274352716852,-1.0296235651138697,-1.0846962818521602,0.3052129732528562,-1.2218591789567212,-0.6309842145257758
2019-04-14,0.6145581932713787,0.5069285442086138,0.6678315725192728,-0.5704921084459135,-0.8844439498838527,0.5547519644764686,0.3532139688379006,0.7720973316338561,-1.108808960752875,-0.3801405736944214,0.5610648380222569,0.4251561329526671,0.619217361836276,-0.6426835343103664,-0.6768992947803409,0.47061477941865265,0.25206221784404176,0.5213428692927031,-0.779949439293449,-0.14100566552782365,-1.1667289181893346,-0.7830472483944313,-1.256914742831902,-0.5409885867069327,-0.1481592972417762
2019-04-21,0.5378983807521398,1.2089217674953878,0.06684613288135509,1.843042636472142,-0.8669527905702421,0.5897616651905847,1.0120849891331825,0.037808836041182466,1.8127726897163687,-0.8720635937217511,0.33085114530407167,0.840899565365592,-0.38949689717917946,2.033123902277661,-1.1643256249350387,0.3513970881360186,1.0525114812130447,-0.197228569901374,1.9505169595848806,-1.3237847701983096,0.6901816855696208,1.0404885692435237,-1.2842570699641442,1.391063891942244,0.9340081450528008
2019-04-28,-1.1526146393432468,-1.3270331109649474,-0.6099950906742203,-0.715118354724185,0.055561239490018774,-1.248059239179591,-1.1436125928453047,-0.9762395284910749,-0.40818106746556365,0.3744224280954207,-1.1403205033842125,-1.2094319285672992,-0.4140679712305311,-0.6931319686742055,0.47039241809341265,-1.4206902648140731,-1.2606073031541156,-1.2000864483522728,-0.12087380533605896,1.0723884481300576,-1.0243865113911863,-1.0558275401325312,-0.3767705771319891,-0.9684923650258236,-0.3650315762581703
2019-05-05,-1.2957233007006832,-1.429887168153995,-0.7334199951605369,-0.9179797610713266,0.4149904743468465,-1.1162861110171205,-1.4318959303171526,-0.4059352147178923,-1.1453741466455523,0.026034329016215246,-1.314314802735839,-1.7539635275966232,-0.541331082492294,-1.1240843987591211,0.1030081446059724,-0.785219519356269,-1.2188864592980693,-0.3550492415327686,-0.7532317817124374,-0.07364997843722759,0.2643875358884786,0.13795908158894424,1.3233702424648848,-0.09645676071717467,-0.6162069580380904
2019-05-12,-1.307640853042316,-1.2503073916594327,-0.929183139382541,-0.6368063444650495,0.4140726479183401,-1.4020569379906909,-1.4322757369392343,-1.1970180541291768,-0.5613988346341957,0.43305057405844044,-1.3166201185502169,-1.3563946197769425,-1.3985864638635108,-0.015193856250840337,0.3536253190202297,-1.263254708111209,-1.387633292113269,-0.8163868932400506,-0.5645589368533684,-0.2683409425253189,-0.49918059606814424,-0.5899480003249599,0.38905832474210716,-0.6570937730695947,-0.8168457703982142
2019-05-19,-0.32486942820134723,-0.24781754231471398,-0.7209040074764932,0.31948945486279845,0.9938629666714043,-0.29184722842340016,-0.13015610989152754,-0.3039433678678608,0.1098907337291176,0.06553449746637231,-0.42026842431134537,-0.3428473403024196,-0.29559143111002983,-0.08442666911288596,0.5780265986710099,-0.06701185384463536,-0.141264075145721,0.2775316271012878,-0.3741160872721078,0.10012175826386001,-0.3873682059049419,-0.7258606136474289,0.7185614924379538,-0.8422808261295698,-0.5142114755015794
2019-05-26,-1.1916089286086389,-0.7823350809407921,-1.4515001464628232,-0.007396890461828741,-0.9598918949926158,-1.512695060738282,-0.8662815915802881,-2.0817885632737685,0.5299343497278913,-1.3130177667129652,-1.5426422322714295,-0.9835145155188713,-1.5760124970045895,0.14847181217041194,-1.116572084110559,-1.9135657590408641,-1.472741092158241,-1.9492611807414146,-0.04457364339118283,-0.9579657711858792,0.9480581948441746,1.0316017785679936,1.7864951153935005,0.7451826236262373,-1.4441566192562094
2019-06-02,-0.2211374985942096,0.576145097938342,-1.6500695721201197,1.608201218746583,2.1591909064464554,0.3232691983575563,0.8859660830753951,-0.8339251151015507,1.4491990975534454,2.3789844312086803,0.22374568989528643,1.076853948272323,-1.1081026371022227,1.5918705324462996,2.2915208318467277,0.7489012935811938,1.2168017566501566,-0.907104640761473,1.6653350926618118,2.4058074685831095,-0.5650534059561565,-0.4488850065935207,-0.9382654394279262,-0.2958074185559195,-0.5717305161152105
2019-06-09,1.2019713031464028,2.374952161840839,-0.2516826931346755,2.417119272986263,-2.425607965148349,0.8467603667982334,2.4432512674316738,-1.042736038759193,2.644772897962675,-2.489579800445323,-0.9979871616784579,1.59538501277021,-2.089550851844022,2.3085088917175733,-1.8963278447459755,-0.4410031138556966,1.3985300605141648,-0.4382434470612199,1.494855894597922,-1.8858117499731626,2.5607379375847015,2.2406168573191256,2.361328309289792,1.9991931260810123,-2.7651478567636656
2019-06-16,0.05421984130035232,-0.08058372413167247,-0.03316916390825719,-0.06476992263744465,0.9773267897312204,0.05833795376570481,-0.2890573278011016,0.5703096170268318,-0.5098600792349175,0.7766550364792133,-0.07388306524127758,-0.5053308934553699,-0.11510889839864195,-0.29722995408136893,0.9051759968716083,0.4359470660109324,0.03280341185779037,0.7241115807931499,-0.3717470297503686,0.7583863619692264,0.3489017803025366,0.5540292112538666,0.20726836479180044,0.5703902025440564,1.7183693403348619
2019-06-23,0.29515071592139747,0.04493923778456795,0.6946742258275739,-0.2408720864081584,-0.5145048956096618,-0.06067517702781821,0.013603225117515527,-0.3816230713570892,0.17990252935871162,-0.836338301987826,-0.09987823998822902,-0.13297124771572727,-0.7621956961798645,0.3161882834491741,-1.152088226144748,-0.5716919611849476,0.2779568059691717,-1.712015093626642,1.2513504658334802,-1.5728892029656403,0.7890998313563662,0.9242069180212461,-1.0324005774177758,1.1898005845671877,1.4716004718216786
2019-06-30,-2.2986832077001913,-1.6132387010964218,-2.324915919840661,-0.513232622009155,-0.2378129995020264,-2.5164993882006836,-1.900528039912906,-2.280440290795115,-0.6979627421057822,0.1044646292119073,-2.535660801106412,-2.1042687733731706,-1.789874405214036,-0.7304331950733031,0.4463849969508983,-2.4850195206281165,-2.2061461847572774,-2.192310907976004,-0.8189070986037352,0.603361015912955,0.06774522691624732,-0.13255450332313032,0.0038766182641955613,-0.14290264046129456,-0.5218282152910215
2019-07-07,-1.2908199882329339,-0.652369255357756,-1.5063431524018973,0.17371219429339313,1.052303723076254,-1.2182867591374453,-0.8485566609330011,-1.5305607649005077,0.07096037039728313,1.1847422378230381,-1.0469442444076937,-0.5472781659081773,-1.3010534380992647,0.3603185879548245,1.0499532277613386,-0.8782699222059411,-0.6875734461677641,-0.9930627629627722,0.0020429651255824493,1.0280154554748049,-0.33682393029297364,-0.3492623844671884,0.9925391054921519,-0.6050121506831414,0.08795683227613078
2019-07-14,-0.1329114328922487,-0.4651593910440874,0.39799109355059686,-0.7538778103629395,-0.30638984023737614,-0.2361274601246236,-0.5106121982124694,0.17828238496578136,-0.6836685671158396,0.18978225334124788,-0.19791385771009457,-0.41112531728385154,-0.15453705936332773,-0.2875856029431456,-0.3784685278303509,-0.16734002019864647,-0.3984288018228527,-0.01369832985174914,-0.4697912437325666,0.16113168589882856,0.10537960488859109,0.26230352464746215,-0.12231313433854421,0.3056277228868092,1.1392196808601085
2019-07-21,1.9670579798575625,1.8508021199420712,1.163800842399925,1.6348520858611821,1.7053973129657893,2.0981220926083464,1.8758407882162795,1.354285274116491,1.496265144725942,1.7911686731789487,2.2348729444639055,2.1136199502103152,1.5863403425135731,1.235548402402133,1.6715714217927866,2.213957994808743,2.2354848829431395,1.5538773693066281,1.8192201948754734,1.3987849170643727,0.4109178926676578,0.1042905125211935,1.1098592493044308,-0.13601318822670375,-0.09447186325389344
2019-07-28,1.7482296487307423,1.3488002086672624,1.4368615351887257,0.922928959699304,-1.3676065060018363,1.4507331264526404,1.1390303139663043,1.0223763952125404,0.8283107796530199,-1.2797000564666297,1.4880122080339726,1.3935282883623559,1.0133272702595004,0.9385556443564239,-1.5338131381426718,1.2244168305410312,1.3428568877453055,0.9325546305444179,1.1456766579334285,-1.464964774387938,-1.0170891163306495,-1.0927593232265898,-0.5738156196996024,-1.0618107827586505,0.08716879493519454
2019-08-04,0.7911284296956689,0.7307207624163367,0.05891279474146884,0.9046742653167335,1.2413281628760573,1.1973254055092362,0.7429217223749921,1.1964586989368302,0.240118113554426,1.0297317826069432,1.2294049599646195,0.9442871145717607,0.8246761449062981,0.6273584569505058,1.227378808870964,1.4274312301070724,0.9205289083680881,1.1491972948807783,0.4224489477651801,0.9405825114070103,-0.5568266912859243,-0.500329737568003,-0.91736927200292,-0.3377296354282208,-0.6342931949949305
2019-08-11,0.5144778101352162,0.20551969372553006,0.865667411326177,-0.24937139284476584,-0.6561729112070703,0.3086766553312138,0.23867231988724352,0.5212274297288639,-0.020258983981085294,-0.7669781271576407,0.3585284439034648,0.20830275711756063,0.5695652740832907,-0.13326771682127306,-0.7128649835019744,0.13307581536788052,-0.024713915682344344,0.44487781668313453,-0.431450584193089,-0.7091364402214787,-0.9074091255463358,-1.0066905897306295,0.06835076906803919,-1.1098270570962934,0.4034180874780775
2019-08-18,0.8119654233358383,0.4176973794110796,0.9476867375372161,-0.04094957157714966,0.8030053504862644,0.9885086869030809,0.39533487840580533,1.2191672196479508,-0.31454016277438945,0.7440113311384545,0.8006907237207236,0.2087040560816915,1.5639770520146186,-0.9220077471146487,0.10181273408225697,0.8817701782524086,0.5612877799438383,0.8083787738714869,0.1818989238846441,0.19681176275666443,-0.6003693674001832,-0.6336262496268175,-0.12165960164318657,-0.6651342421572636,-0.13182789266513772
2019-08-25,0.13982015875576645,-0.38366611414348967,0.3440021160694615,-0.7321757894012281,-0.05894338897383578,0.10334346593613887,0.021667599485432676,0.4471412728460814,-0.2789451657024932,0.3768946561491018,-0.045573216445842876,0.01676980688288079,0.5514678675502293,-0.41258509149241984,0.3738359356490498,0.26796857133905605,0.14951801912592913,0.4396400339007269,-0.17267408516979146,0.431808247595148,-1.0937130441617864,-1.0640816158480024,-1.7800805061141936,-0.7189248694103695,-0.10432958729796227
2019-09-01,0.9439110545865353,0.20408678756501034,2.026678504481324,-1.229325932205609,0.15794913887873466,1.0367818693026076,0.8938249797037827,1.5715432186260565,0.021339721237338946,0.8432883184408759,1.3097516070219706,0.7215635411566814,1.8037705617417739,-0.7514845669841753,0.5776805426841845,1.1765456753523438,1.064954549714859,1.4332370636240233,0.35328329075169557,1.1298774775767555,-0.9824730751025907,-0.9009973296915578,-1.0066656514260544,-0.7459347829472711,0.31765990137162353
2019-09-08,2.260491200872172,2.209893271520387,2.4552187073614604,0.7311316886269446,0.8333440571441286,2.3110799134820983,2.258460291642435,2.567653231622679,1.0990592261226462,1.1138579916286615,2.3859403988445473,2.3368953660854364,2.5486953558409136,0.8952288201305109,1.0416324123961536,2.339142418804783,2.0024311698321653,2.400913456297474,0.7144164457570115,1.1053498861650541,-0.3277900019303977,-0.7640218984357473,0.008042694836938511,-0.7804392631504365,0.028366938412058118
2019-09-15,2.4235532094005503,2.1500766065833643,2.6338815365702315,-0.6649872362444605,-0.8346011888851315,2.2772049445894313,1.9543828960800071,2.505719369104396,-0.6573371506080902,-0.9319690551444559,2.3333695819439733,2.0607690278837607,2.3880953590250966,-0.06676249602200057,-1.1289626576763956,2.280177588757143,2.049858913437209,2.3622846837790106,0.5395010187352607,-1.3658388109986928,0.1586270021966713,0.07514943686522473,-0.7583777576191167,0.3004762286859054,-0.46379076010387554
2019-09-22,1.504153161492143,1.2560857219962691,1.6013202874969574,-0.7816621910238891,0.27370696391826227,1.4789317322869935,1.0661387027832523,1.735743327184196,-1.6467409580979646,-0.3099793144896925,1.4721143072556304,1.089039393228154,1.7070345084075282,-1.5067037152021088,-0.20730256327459515,1.4911150030550566,1.1052817620493136,1.8827671966290607,-1.5713698808415972,-0.4269337392208774,-0.17742189178420475,0.17723640964376433,0.21850623401854924,0.10393452016797304,0.19690081882671928
2019-09-29,1.0017144205936788,0.8687292563916175,0.9194359546684654,-0.20479443869609382,-0.5048333601499208,0.900062170039145,0.8017520256188811,0.8987752131292905,-0.33674083609322447,-0.7945758282570702,0.8865935376949158,0.9195404448807888,0.9595894708834012,-0.1897721859669565,-0.818772009169768,0.9668088037239148,0.7953167872617292,1.1450087166813818,-0.8529357020028423,-0.45110346444965166,1.3860570848253688,1.2397874455369402,1.205295029765729,0.9033912615155737,0.579598744327935
2019-10-06,0.9964938500150345,1.0935713276345649,0.9429573333564606,0.2588065478323074,0.45102598235597197,1.1223097901540695,1.0750427621520076,0.9719698492103379,0.12671703556174077,0.6031212539646575,1.1347788045047054,1.0833981026874049,1.1847017447393067,-0.39954857339090566,0.4601513482626571,1.1194382966987662,0.9933057018785553,1.1017572890941838,-0.30928265925398707,0.5294374991671045,-0.04648897694291314,-0.43774023122884104,-0.8819300272782256,-0.11052028978492338,1.1845467505283733
2019-10-13,1.480632847785633,1.4268456689896432,1.5100020127867464,-0.691402804305583,-0.17220836628500452,1.4191862317445432,1.2818089688258334,1.4266953865813479,-0.9761985611091604,-0.3321442984605331,1.5037624171124977,1.1949624578437184,1.6346911195061486,-1.644828936340092,-0.2260447987302768,1.4029374832117436,1.0973726567900917,1.7029221065469928,-1.9657452128002635,-0.12745417687432972,-0.6584856895519926,-1.132632049079906,-0.8714038981799223,-0.9853332208554955,-0.03948841200341299
2019-10-20,1.6709054521668114,1.9280795637361088,1.339739520991124,1.7882209962496907,1.5263506089668166,1.80585843605336,2.082476970146371,1.4775135212921067,1.9066270074424545,1.490552696679133,1.6991631324368457,1.9645702507374052,1.4992557801597877,1.2217862928811767,1.351469153400711,1.8344519311940855,2.0924655903557747,1.655005318031931,1.0418615813439334,1.2866794297820683,1.302742607002202,1.916914137036778,0.1551394311809767,2.137176048471697,0.8853227953177502
2019-10-27,1.9203807008980966,1.6410917143309607,1.9593300493886103,-1.2212948323827582,-0.3810295315162936,1.9340630713084939,1.7783202351780503,1.9840952474246298,-0.8788940565855675,-0.39574833158774225,1.9747442680132066,1.8390750345975038,2.0327714544601974,-1.0716422889139952,-0.016146715039926863,1.9544968157135039,1.9271918711266598,2.0307408141420296,-0.7365401347160102,0.3586173516293536,-0.6527279199024838,-0.6199089935274534,-0.38766488520100884,-0.5578602763328016,-0.5022685493588279
2019-11-03,1.740969976156665,1.5498264746860482,1.749142389216292,-0.9123945435955513,-0.7577457945149154,1.628219364138024,1.5215777109866222,1.6499841753947349,-0.6938913594486342,-0.6873429289453631,1.6624905793797793,1.6030936874225608,1.7298559956578052,-0.8543565367778172,-0.38796124874593896,1.6794049522303374,1.5482263489668826,1.7259174912105892,-1.1628389134508412,-0.0916395018015876,-0.35928612162014933,0.066459875190375,-0.3858988819700223,0.2566786281119529,-2.0960965109210905
2019-11-10,1.5358419192497474,1.4172035298263161,1.5899937662665669,-0.945026752563693,-0.021904120950928196,1.481018559544497,1.4397779184978563,1.5748926575984838,-0.8204341258624748,-0.01905566744605766,1.5806631971853515,1.5450683826818559,1.6275260819320598,-0.6954192520074514,0.17640144032364016,1.5613519242032632,1.5431951702265554,1.59011059307269,-0.8214345791646472,0.04500536256639266,-1.9705709897362018,-1.656681352906055,-1.9614939812458339,-1.186169869306904,0.8126017208358791
2019-11-17,1.4342909682544431,1.3564495413534081,1.3869163343928266,-0.31807654087801146,-1.1532134388738022,1.3085128680199303,1.2441021991248664,1.3329049672682138,-0.6772576963877889,-0.9712151386927653,1.4023669280756876,1.325886560168923,1.3953313049786558,-0.765285376416173,-0.957838127012326,1.3721121317524227,1.3506273823741304,1.3879248556688122,-0.7151933519641285,-0.9688663676953109,-1.4539361209325883,-1.2481492307166888,-1.1076527125760798,-1.1436044871346984,0.6509504418350708
2019-11-24,1.2299458664590148,1.1011201375121649,1.3141513136573784,-1.0755818822079954,-0.1860695682695966,1.1891496146693978,1.0580793522013296,1.2844988813401081,-1.1768784571662152,-0.4047428209936628,1.2494885102419764,1.1264884491584002,1.3233609938637605,-1.2608800461736072,-0.09602601685854516,1.2248995698157992,1.1480508074009892,1.2631943109461685,-0.974346405036722,-0.18635696286525222,-1.0123074315812588,-0.31019824650438077,-1.7085308385895936,0.5669614428373713,-1.085936698832356
2019-12-01,0.9462259674514071,0.9189377251515931,0.8112054714916085,-0.11318357700997286,-0.46221779858577244,0.9630283795924458,0.8800769824356098,0.8269248137861238,-0.11152614909335912,-0.25950352946746963,0.9602698157001929,0.9680714663098736,0.8419743893732952,0.021748370650670777,0.16870975812246286,0.8954674015383297,0.8960194616798516,0.929854743636099,-0.48039873755905954,0.28091736501670905,-0.7155663758033076,-0.5832027882578834,-0.03644920819349035,-0.7611783607352449,-0.5621313235434274
2019-12-08,0.9707662726350376,0.8691123350531504,1.065210860603855,-1.0816951667429218,-0.07291378763107562,0.9678946410055081,0.8691162166648105,1.0573115246018412,-0.8473959054273186,0.22185711397766777,1.0462870624389204,0.9214212101565696,1.1303606553653207,-1.2057722132799527,-0.0901437048884434,0.9802804546592047,0.8579044947213682,1.035712162853092,-0.9521285574147713,-0.046700981240983375,-1.4678914601469122,-1.475682243830742,-0.8780976123438666,-1.5456848057379065,-0.3709847068215859
2019-12-15,0.8487552185839791,0.8172584794243587,0.7661931758069096,-0.24188904423097912,-0.7742370139079768,0.8012214363745289,0.7437765808115361,0.7774557674445209,-0.3086558578132579,-0.6686201730735352,0.7883416156066243,0.8266346686078422,0.7347155103570518,0.06953018988393868,-0.8073031512504605,0.8086103776238187,0.8399428599924231,0.6806592070414981,0.5004382811987372,-1.0149884018244413,0.3751015273460361,0.7246750157785313,-0.17683954042187533,1.0645791793404042,1.5090390029987024
2019-12-22,0.963975950750726,0.9751852974932796,0.8974601501262233,-0.317946289647736,0.5281929864679197,0.9719401760078791,0.8919868132654041,1.0497101795855368,-0.9941324154343978,-0.08447319344454188,1.0135988965755818,1.0095955871379518,0.9268861584453598,-0.16672324502895036,0.6176759589728036,1.010629791611132,0.8929574884875707,1.0436121912427516,-0.9335839097939079,-0.21493426043014754,-1.3912342576868932,-0.7792345986449739,-1.9041191215676965,0.08181641527000628,-1.294928129736809
2019-12-29,1.1317732631680562,1.5642019747275198,1.0715689075931722,0.6417085673759345,0.8826789839275242,1.2474366593693593,1.7202984073590004,1.0130943166878812,1.392561404643371,1.4108000939991667,1.1314016020614204,1.4141725035125,1.035696749800575,0.9304662410594445,0.9440258526735091,1.2182582109881577,1.5252088895386309,0.9898055689479383,1.4823072613626413,1.4334043169684674,-0.47407989719679383,0.360776441819629,-0.6923392791817343,0.7785132022443486,1.5533750245739841
