Date,SXTStock_Open_average,SXTStock_Open_max,SXTStock_Open_min,SXTStock_Open_volatility,SXTStock_Open_change,SXTStock_High_average,SXTStock_High_max,SXTStock_High_min,SXTStock_High_volatility,SXTStock_High_change,SXTStock_Low_average,SXTStock_Low_max,SXTStock_Low_min,SXTStock_Low_volatility,SXTStock_Low_change,SXTStock_Close_average,SXTStock_Close_max,SXTStock_Close_min,SXTStock_Close_volatility,SXTStock_Close_change,SXTStock_Volume_average,SXTStock_Volume_max,SXTStock_Volume_min,SXTStock_Volume_volatility,SXTStock_Volume_change
2018-04-08,-0.8771058842321445,-1.2964833730906045,-0.4998243008874696,-1.261413763702102,-0.011146789645159336,-1.1254261561334244,-1.4826574942280766,-0.9030517192400275,-0.9835995844698379,-0.22897255850185907,-0.801551181362965,-1.1741344484042564,-0.3883336995177142,-1.3365711614023978,-0.03963734654945921,-0.9864032545223043,-1.1893994207030052,-0.7403994929662185,-0.9907996451932352,-0.32535167274357196,-1.4050231840078022,-1.4886167382971665,-1.1869181791410208,-1.2015503827369456,-0.17382820005521754
2018-04-15,-0.5517499979152961,-0.7814796015326008,-0.49996586755014333,-0.466844286225358,0.5462892940834455,-0.5835116831443192,-0.8475610184068911,-0.20060367960527692,-1.242848515585051,0.1852794674723575,-0.4197636823200365,-0.7694409098644086,-0.22762645213860944,-0.9504994683605216,0.46761060509462976,-0.4348532916245991,-0.5477969119898526,-0.08274437571533397,-0.9639158350236451,-0.1279027055471155,-0.7582643740417806,-0.9059627610947403,-0.5178520158146943,-0.8586271895815807,-0.21481778746875915
2018-04-22,-1.434439593041084,-1.1628824748618882,-1.8946074980847558,1.3959572905336237,-0.7670688749666583,-1.3148016779539404,-1.1763351197875132,-1.3289623828671135,0.1582231726723391,-0.7165435537232233,-1.5368674506459958,-1.3717186167883428,-1.6992573258424783,0.7405636475302958,-0.17789593936239995,-1.4593621689320124,-1.479237711696983,-1.412183561131081,-0.4030337718056307,-0.18099539888432295,0.35821256791151074,0.5380558305126155,-0.519160097765529,0.9922763279163529,-1.2181787828085224
2018-04-29,-1.7087006747942168,-1.7429170949493598,-1.549087517433542,-0.48326353568187214,-0.3450090554877784,-1.7244298859865694,-1.7799228254989246,-1.6635277424199897,-0.765887863082517,0.19575390268413606,-1.631915963730488,-1.818987122123376,-1.2605189346672334,-1.3911674642292515,0.08952443989892954,-1.6583821982223157,-1.5136568020818995,-1.4832402782175058,-0.5654637179350586,0.655759951526771,-0.6867171871102421,-0.8012163810222682,-0.7184859024446227,-0.6481501756941231,-0.1596785140614074
2018-05-06,-0.7286628020957001,-0.9428701479276081,-0.6422008915475409,-0.7269212440285739,0.6154973414462334,-0.7660248593955917,-0.977494287127497,-0.481646437729865,-1.3545763285477384,-0.02606856160907914,-0.6306459113491385,-0.7981702385206034,-0.5744124095816161,-0.692027612926831,0.3384150243736618,-0.676164800968385,-0.9154667976595829,-0.43946945244603425,-1.2829357375914112,-0.283715605262964,-0.22817066069376948,0.3624948976440682,-0.9654436050066922,0.8729906415551232,-1.7382421143643256
2018-05-13,-0.7950489573557102,-0.9094248569318101,-0.4618028306356038,-1.0872779740312266,0.6360731710122065,-0.9524691834676092,-1.0698037223833923,-0.8974459017163192,-0.8606148026186597,0.49983731901309864,-0.6349806380109427,-0.7239463030086776,-0.3810061715601404,-0.9744625144082312,0.43003856745623,-0.7775622147302192,-0.8954261879734201,-0.5323431821908537,-1.0936502010142193,0.31254824951687543,-1.0053954538515848,-1.068600683423616,-0.7216982576312008,-0.9918350262637492,0.4474880809778826
2018-05-20,-0.7416105274951164,-0.8661042768346243,-0.4582960531270473,-1.1027300750089886,-0.24015362720025898,-0.8723966232439329,-0.8975911099925601,-0.734638903402988,-0.9234855532285644,-0.175402406942324,-0.7068928448081967,-0.8207489619451742,-0.5156902401741956,-0.9555351573069831,-0.06247109327296438,-0.7899312977831701,-0.9446888648997327,-0.4854536314720327,-1.3528671139633428,-0.005817814691539523,-1.1034311732751116,-1.0433427515177591,-1.1462824191274386,-0.6312986874986236,-0.5495228633190797
2018-05-27,-0.7423815709350815,-0.8091533521601398,-0.55972155240266,-0.7390484827130797,0.13943980412950716,-0.8126389424815846,-0.8190876863369524,-0.9783473971698866,-0.2141726687458417,-0.14984556392721715,-0.7716259979498094,-0.7925412965395309,-0.6149657009155641,-0.6887747361443096,-0.32043274065335553,-0.8678989477448555,-0.6824868824857402,-0.8495404342709406,-0.04102390192955834,-0.2461320277694424,-0.7065348555899039,-0.725643756020278,-0.49919616362522634,-0.593290282231567,0.2861060346841777
2018-06-03,-0.4793771656541923,-0.3768457607432862,-0.38882251359097314,-0.08481520735992341,1.4353044346957922,-0.425172654661202,-0.25962375140590266,-0.6018802168716312,0.4210795483457591,1.65194988185089,-0.2449656634984373,-0.028141194903322963,-0.3035075540950519,0.3870016246187032,1.3070822067521775,-0.10619189154636809,0.026410547673280157,-0.25301136012635456,0.42003097572905007,1.3392932254731493,-0.03266083905932756,-0.13904749240531777,0.23651542124558955,-0.24435760222252934,-0.26465522282307513
2018-06-10,1.4646861083015932,1.0622451903919363,1.6577968448016638,-0.9915312214758444,0.5677277537491274,1.3980876955455326,1.081531424364342,1.7389981883002268,-1.014265584419093,0.5611153255733481,1.6198781543572596,1.0901701695285386,1.9456306619907124,-1.264052567142622,0.054672716844680926,1.7462527787499453,1.3564646406888532,1.9869074512429266,-0.875222533512922,0.23784009472845388,-0.28078056230098264,0.25438289677545195,-0.1127526304050655,0.34346383038524564,1.5468989164406808
2018-06-17,2.024049774204919,2.228313628123318,1.8349911082510937,-0.08746312274022927,1.1379218802165236,2.0737355955228036,2.155159793304615,1.9038006517780437,0.20096479295697212,1.1638832673219697,2.003745430577021,2.1534133181909234,1.8043994509738004,0.29151667281138854,0.9472760368417978,2.0580766005209505,1.9513000989417062,1.9815127568589903,-0.5576646037381846,0.5684817611366089,1.1450801861732711,1.8080445185861314,0.9779773540515481,1.7356332984769085,2.1946242435468064
2018-06-24,1.8099046753221255,1.7453595163413564,1.7684468331550087,-0.7391844058772961,-0.3787076113807355,1.752964875312379,1.6729578490366888,1.7139357191217528,-0.5961747417919867,-0.3570983800659728,1.7134590530653033,1.717083999737349,1.5935660038198176,-0.0282945889585311,-1.043864390151021,1.5851316021288546,1.57310937626107,1.4632480346155465,-0.12162849359589452,-0.8013508477725534,1.2747324294919524,1.6429193911685804,1.9873611557150999,1.4412618260117809,-1.5398157964702412
2018-07-01,1.2954702138540193,1.4178639212011874,1.4139868832663363,-0.6149932209930077,0.7113450918163593,1.2932455035043866,1.3938361220963322,1.236569404002459,0.1859720000244737,1.191000981630503,1.2761017344283478,1.318572241860617,1.1738710133037944,0.16856392386422,1.1422301422779328,1.3307933659564009,1.530936533420718,1.220406841818465,0.857994729710601,1.2315488724239405,-1.4328034663593805,-1.130951389118786,-2.0193225906383048,-0.7684779229420079,0.09042541264704244
2018-07-08,1.4467457572165048,1.7170760671130965,1.0808706164319886,1.0070452184261915,-1.5055271045220897,1.4723970324591844,1.6069987801185581,1.1574748836859985,1.426361007356503,-1.396952429557685,1.3683593636221827,1.5721884398855568,1.250437588914551,0.8367869549841639,-1.9713850367325676,1.2740277929399146,1.5585773282711177,1.1624315645752834,1.4273459457591622,-1.8890719621062824,-0.03906069100221581,0.30952466158279274,-0.06347389084856686,0.3933348411555257,1.2827508484989576
2018-07-15,0.818783994057047,1.0927374021699054,0.7044069419061477,0.6758359787248359,0.9482864912256841,1.0050093740551103,1.2796654392054974,0.9275690953571857,1.319596399105758,1.5075104896991498,0.6642446807081593,0.4842264348723406,0.7871162148952797,-0.8432587770797951,0.23951594375445484,0.9589968972019496,1.0863423989992085,0.64217433652407,1.5580909487943269,1.526882708982509,1.1546706204148973,1.8091508717012326,0.17583628981397123,2.0461103038301576,1.9978541731144104
2018-07-22,-0.9017823502007347,0.6082885417836951,-1.2628044826355127,2.9713397832695523,-2.196012070281735,-0.8190388196462474,0.5244555783779575,-1.4015770760461204,3.0354162154189965,-2.1848357902248625,-1.3787728693235914,-1.0207849101362538,-1.4370946791998132,1.341187243040241,1.0682389532123462,-1.2648118008723683,-1.037657804032055,-1.338526617965662,0.8067863862722674,0.5545650720671782,2.6555061618558105,2.5712141196697753,2.378299986902847,2.513992489955858,-2.328729365157519
2018-07-29,-0.9255008506439453,-1.0439344740307097,-1.0829262992632986,0.11299675952341465,0.4242253860919237,-0.6743311367261581,-0.7845239645597912,-0.478416762443245,-0.42191874574383426,0.06502124356848114,-0.7979110112359875,-0.5474215311444883,-0.8011002549744639,0.8716391175225014,-0.06382557499231498,-0.7074635828996826,-0.7173108811127179,-0.8324020097107034,0.22755132335196965,-0.4640855396068601,-0.3325756942892205,-0.6097680377216719,0.34536404849301594,-0.7997720890167134,-0.12903365441073267
2018-08-05,-0.7305455120124401,-1.1516000263379949,-0.47641741100403834,-0.9748774414169177,-0.18680023868112672,-0.6037150797869649,-0.934638124641061,-0.4457713250135474,-0.6983070722211727,-0.49032255511388007,-0.5316684285784292,-0.8486355255964714,-0.3364834119141683,-1.4818602901008187,-0.5490444674040622,-0.6667262545661055,-0.9093238356170523,-0.4482907562962727,-1.4080103203771306,-0.3792575124802676,-0.7301626009304498,-0.6309900312697038,-0.31012492716770024,-0.6766405927235845,-0.060227201042897506
2018-08-12,-0.7419309678539422,-1.0783506699237397,-0.5480106312372857,-0.782932604550936,0.24470677537101881,-0.7375915742184143,-0.966853789840948,-0.5352730226389172,-0.593459752433777,0.4620942884919266,-0.6729327386359463,-0.6857311217137978,-0.7093078344226065,0.08569660629358067,0.8278382759702008,-0.6286951466810774,-0.6691981569214546,-0.7015480146860551,0.013274721592525724,0.8077805918634016,-0.8122294939215919,-0.5677936380793858,-0.8081835234413981,-0.48772216740438606,0.05680437874559388
2018-08-19,-0.08360758797295662,-0.4152999750264057,0.2047717594608277,-0.8395271155942999,0.07075679645886898,-0.13072029705208899,-0.3971046151589287,0.04936965494762011,-0.5995846260289845,0.4223394133149627,0.04929245660445119,-0.2117127316665105,0.19202299107959195,-1.1045450935497632,0.036324926068255034,0.013275063149301639,-0.07558045228122458,0.12422724593275852,-0.6221631861053799,0.4872003081503852,-1.1986319560785963,-0.9870476772273712,-1.3288419067764328,-0.862757792447903,0.09804660419287468
2018-08-26,0.5059379898590757,0.165664437426639,0.6747889892929745,-0.6677445377616348,-0.33750077928977784,0.6069143542780494,0.40556167295005996,0.7718201597642277,-0.5381145999811369,-0.25362171586589083,0.532874515003545,0.33417920971141096,0.6084205779298861,-0.7680316239808712,-0.8403533020579079,0.5204748389490251,0.3683212192503458,0.6831319821989214,-0.9052729355882901,-0.6129744235830501,-0.815075963613969,-0.765282878037482,-0.8231463936093327,-0.7191857039354499,-0.04946719163451239
2018-09-02,0.8705088131630544,0.5630199494411683,1.0688031833144418,-0.687186404137767,0.3416134458768238,0.9028170026449451,0.5457334767612536,0.9118756716318741,-0.5403795486356975,0.4858368294975283,0.8106401316199612,0.8446121330635381,0.7436961277601767,0.24945327902183045,0.7299614025353953,0.9496393896570307,0.6917900744964597,1.0764491873931925,-1.135934765534314,0.05849054521983527,-0.40141182208193266,-0.5809330115974238,-0.006988912883231423,-0.6960350995144016,-0.22824836645958452
2018-09-09,1.4521799246098368,1.6168684694041675,1.3423638809418814,0.3398952851508129,1.1453712014123276,1.7511225440239828,2.0180103569581407,1.2911530744392774,1.0761727872833617,1.4123477685900578,1.533549844260175,1.8545718892068235,1.1910621241632326,2.1956033429048785,1.4390426592551955,1.6151778081184014,1.9674247367566653,1.3948911233656105,2.1297374927931627,1.653835041921246,-0.3259408657328926,-0.5146985168547193,-0.0113555617059466,-0.6126362043676458,0.19353694598469134
2018-09-16,2.2056710199019745,2.31828558976605,2.1074307498206655,0.6056993912045777,1.4178035805377842,2.270968936997021,2.3453538445090314,2.1505413805546887,0.8209584400668802,1.44203191358169,2.1850185016134316,2.3138472415440736,2.1512140752730495,1.6561005056294567,1.6182024468906189,2.1843972172304,2.169064386553151,2.1306083235202107,1.227461338985691,1.1661407506984354,0.39018525187302094,0.060247960202198775,0.23661391538186485,0.0159869698030283,0.4940131620811563
2018-09-23,2.012793231907357,1.7703492694213057,2.076207115151365,-0.7225778746904904,-0.411805327043965,1.9613612909375826,1.7406010102119014,2.142319297340146,-0.7835692760739272,-0.3414156256531239,1.8980311159142962,1.7398349158028363,2.053686392235322,-0.46771657168117325,-0.545064050289181,1.8815496745428557,1.661449589028352,2.0754973069936398,-1.2004042162475521,-0.6361510590105651,0.3363136984579341,-0.11581405763226923,0.9635564058545261,-0.3608949611210463,-0.02449557952595053
2018-09-30,1.659981442710756,1.449879590157486,1.723859152289123,-0.8983838714301724,-0.12202899060179219,1.6531207240424457,1.4993401315759034,1.7124014466905477,-0.5997363180396806,0.06574523092569516,1.6513753111772953,1.4867710044594278,1.7580298176447144,-0.7977716755930011,-0.2725413082151148,1.611332083153701,1.490212989169886,1.7351732930232733,-0.9791091897454719,-0.2670799215006416,0.5016623742523818,0.1312417414334469,0.9669185068399203,-0.0608350246605174,0.2647497096444774
2018-10-07,1.3143091178930095,1.3467487011486785,1.1051304791209666,0.521178451190092,-1.3008040961531677,1.3019609847932296,1.3974636333092374,1.0856766616814504,0.8616976056982218,-1.717174390312043,1.1549345539496212,1.3059812294909976,0.8544428325828828,1.954610858336459,-2.6132543267431307,1.1190623025780362,1.3987032020211463,0.9080795104570331,2.04474253531168,-2.5900163288677964,1.4365570806517736,1.0799362831986739,0.10230480104505693,1.2133682965557968,1.0662730059487924
2018-10-14,0.815966112828454,1.3281576884750799,-0.1863674237466103,2.620424457125924,-1.8097254213162062,0.9346507312061517,1.2432679277194083,-0.3370143326504784,2.637507475871963,-2.207108533475541,0.4446889001194019,1.0971388586291628,-1.791293637715118,3.203067101208189,-3.0188057091776446,0.6167678154372956,1.1992262592366296,-1.6782798053853567,3.2043087010808575,-3.004275238919812,2.660240769419434,3.0700948449515146,0.6512039792282666,3.127712701572483,3.0660829021656903
2018-10-21,-2.0340888222903617,-1.919954762978615,-2.1827466024476014,0.32971279554917704,-1.1544890323253953,-2.0595667513781115,-1.9364898150267829,-2.1887764903930824,0.06388595972148695,-0.8284296518808943,-2.201786914194774,-2.0624881939999855,-2.000363085771133,-0.0024720621775184103,-0.27139376980326296,-2.1318046446315737,-1.9661033423791254,-1.8841510907321006,-0.08785658183024184,-0.30292389159859606,2.602839275614763,1.6931758337879654,3.0962993931098337,1.3859762854062816,-0.45379629432602575
2018-10-28,-1.5371137616858446,-1.352352690285315,-1.5983551599230292,0.5143230416621078,1.3550699164309994,-1.45234846947601,-1.373528658169154,-1.499475316415371,0.029813530323377243,0.982691800798277,-1.481990393041549,-1.404330136131293,-1.2772966996568906,-0.13547768826653758,0.735214123933234,-1.497379727329311,-1.4818749821107668,-1.324429602122945,-0.22159002016771306,0.6153034869897969,0.6497243747381245,0.11328998237564969,1.5998451264942364,-0.14255755043462326,-0.7997640621618237
2018-11-04,-1.156735641450818,-1.1929652752752666,-1.0622673182746807,-0.40321858119981163,0.43053953878587786,-1.1752181982679493,-1.1812507693166474,-1.0723443553480168,-0.4802065381359001,0.3303897826212787,-1.1580475040891383,-1.1614303540103794,-0.9214853131807547,-0.32423970944393504,0.28963319580068464,-1.1588584777545146,-1.1819682660418709,-0.9575241677710474,-0.33047413975407597,0.3116633636982111,-0.4229408790703282,-0.4124976311107629,-0.3316819426367964,-0.39131515522961735,-0.5414856905433123
2018-11-11,-1.0864352194984614,-1.1560246292617313,-0.9964381402853522,-0.510824612438447,0.03429294059663482,-1.0894511223511016,-1.1613494247801746,-0.9363023112359469,-0.8006784814904854,-0.0024581706744261217,-1.0684630040099994,-1.1400185577004405,-0.7829605321369644,-0.5449371591192653,0.008922044782837788,-1.1048063805495096,-1.1411783703080818,-0.8140943737098847,-0.5211571794368285,0.15744079985968748,0.18280972490091194,-0.04687935837795448,0.7842990967316438,-0.18202049528482225,0.1812859687606634
2018-11-18,-1.1024614890847588,-1.0847720570487838,-1.0746667536543881,-0.10239555992850896,-0.8973002732089752,-1.1611896178657084,-1.1389399008751693,-1.1575826300985426,-0.20443982233855343,-0.624013568906615,-1.0639648679228875,-1.0974812612376643,-0.8626486753696085,-0.4051512391456743,-0.15081533990194937,-1.1509614499938845,-1.1368355893997384,-0.9610939177598182,-0.337950969682238,-0.1800092327747561,-0.6792371472280161,-0.608124035824029,-1.0319250975690974,-0.48112494505717046,-0.5267056018691333
2018-11-25,-1.0751584450676444,-1.1316471472845393,-0.9413332771110619,-0.7127708628409302,-0.015407533209866474,-1.1098688822585656,-1.1430727676789953,-1.012648322875027,-0.667559221807363,0.2412691321736888,-1.0628107080577922,-1.0938354527198262,-0.875245008709953,-0.43898091767126624,0.22598321884190473,-1.0879237589671624,-1.105538154074234,-0.8741062291509937,-0.48092640543693016,0.138320415992698,-0.4276776518926765,-0.5153915180734057,0.1592326195997091,-0.5742691377009432,-0.2279781276362614
2018-12-02,-1.2102305424842685,-1.0304780884553255,-1.2907676025525705,0.7693189591756182,-1.5772475213349066,-1.2607818352686202,-1.081746717335185,-1.3404740435084144,0.5329168847944928,-1.072489982091606,-1.308854896424706,-1.1774044204524523,-1.2688550267506298,0.07969447524358313,-0.5910990057198438,-1.340877797391486,-1.1479924541609412,-1.3801724410150438,0.3187395285453913,-0.7691747406907363,-0.5198223955923497,-0.4659270367643773,-0.35067115925475123,-0.4390024174672121,-0.4320407029000982
2018-12-09,-1.4429046963750478,-1.4445653883539014,-1.4726888873840724,0.01871994589033799,-0.5946433497171546,-1.4653027322141021,-1.425741864538134,-1.499626779941191,-0.01598116516204824,-0.19172625225713041,-1.4554723640403653,-1.4450465598653448,-1.3819613586446973,-0.2621286563225459,0.07219651317026798,-1.5036472567904864,-1.4969476066237855,-1.4606047250435485,-0.2078277070904978,-0.12121924900901337,-0.5828907261393245,-0.49624586966250356,-0.7932706435998226,-0.3988603907942487,-0.5051762056218206
2018-12-16,-1.6038681279306142,-1.554261939950437,-1.5660265528329658,-0.025115445805869115,-0.3210320885202587,-1.5937344820076456,-1.5691523463703851,-1.573509804887145,-0.26923732959029895,-0.009667342538516966,-1.6164232941009347,-1.5802748830208782,-1.6140285234582745,-0.10410810411941025,-0.23013958142511082,-1.650748586731201,-1.6076629423430013,-1.6811139679264813,-0.002969704661668251,-0.2745594867701616,-0.1848269938185407,-0.1427584578530783,-0.16091816260381359,-0.12546171635493986,0.36386924356039624
2018-12-23,-1.6480784858930098,-1.5889489430575712,-1.6299793531115667,-0.09297343806121734,1.4474688321409408,-1.5831149879053146,-1.4896305698383179,-1.6582014133101706,0.2610165490088971,1.6298629806812006,-1.6122708463337823,-1.4651322694706723,-1.624939415295102,0.08843735534280786,1.1721823103624966,-1.5248584262990368,-1.4410663809059931,-1.5775238078457257,0.03925277748873169,1.318029548253572,-0.8386105966734684,-0.6335385871001951,-1.2606406108838712,-0.4581315755805792,0.014337954716796561
2018-12-30,-1.2279278052524192,-1.2664565735276243,-1.2089013798653323,-0.7510600845904152,0.3238474817330302,-1.211901466378127,-1.2458583126426468,-1.2294073732403141,-0.6000284576880297,0.6226760310941948,-1.2063590964008286,-1.2370916036393498,-1.1180539433082766,-0.651049540983855,0.535387868765355,-1.1989049906776084,-1.1901233190592932,-1.1603458087930938,-0.46131595190589486,0.6028495773761033,-0.8500990700401113,-0.717007652531016,-0.6561813737999095,-0.6545468968787223,-0.315446906652989
2019-01-06,-0.8487230198016311,-0.7069056163477957,-0.9145564342408716,0.27500015086065643,1.6850441709072972,-0.8175842642980744,-0.6610157847668916,-0.8609055371343673,0.26056190350976016,1.3560553394086412,-0.7800737970822805,-0.7018247562883733,-0.8759659426087562,-0.043661350444107634,1.0420364889725187,-0.741916341196553,-0.5440531640768155,-0.7990370800119133,0.167716837169287,1.2203612809660307,-0.6277673262483885,-0.3967476031254337,-0.9033165019501674,-0.2648791585733139,-0.09374960866271327
2019-01-13,-0.3845385053632049,-0.20809509488019845,-0.3740140911950996,0.856290535550057,1.0155652862823759,-0.3193842398080256,-0.14626415676256854,-0.35734210441300074,1.1161345192079586,1.2044587390340618,-0.2723823333951482,-0.0636213841751906,-0.2187679255491075,0.8475134989739551,1.302523838089478,-0.24215278019440262,0.011352934673005292,-0.2712624595866477,1.2521801543952462,1.4256764737958243,0.03711280478173311,-0.045893641096130026,-0.17071715653045172,0.0016343305138546362,-1.2916758156790662
2019-01-20,0.12198552372291202,-0.01693661609564285,0.20185326108146925,-1.020383236744936,0.05769894412530666,0.11824698702972446,-0.008632535224294906,0.22565027981008143,-1.1007364583591346,0.012894671952596425,0.15270505681571647,0.07210281186308248,0.19182907129664148,-0.6623767314801182,0.11604649458739764,0.1169226345679651,-0.032030103785161586,0.2628359084246165,-1.1993393255982574,-0.20597954765944418,-0.6075592320721696,-0.9776230455947946,0.08620552186756854,-1.452604827193744,0.22202726337043016
2019-01-27,0.22883592338219969,0.18909513233401223,0.2849647998917552,-0.5114627635382173,0.7874920835124768,0.2343957918740852,0.20181941850628227,0.24868200348682873,-0.30118559076030105,0.3896695128006258,0.26682988322069323,0.20190345590775421,0.3628738062059158,-0.8920755468972668,0.40053879738597176,0.3266798376412367,0.25344311031399913,0.3456927735979798,-0.49221935721672533,0.46848642870909296,-0.5143126291495481,-0.7292508243840607,-0.09835215962384213,-0.8426246468352971,-0.48398040223463373
2019-02-03,0.5650009009112161,0.5347393157601514,0.615650188547157,-0.5094152695525563,-0.1425765569891781,0.5006757444103402,0.3856613269660874,0.5557834842446052,-0.8702000232674685,-0.4506421951520077,0.58838911495436,0.5684917093373036,0.6385939320249093,-0.6090512853737671,-0.19589228363550215,0.5808558447957508,0.46724515863421723,0.6100837793529982,-0.7587432509313654,-0.47891852035763993,-1.0449944076071234,-0.942345313014938,-0.7206957783584197,-0.78841337459545,-0.2148307395284488
2019-02-10,0.5797029379563202,0.49412771938651695,0.6870491426612181,-0.907442664020926,0.00748370773462785,0.6536400279484103,0.6526427895398845,0.6573875514458241,-0.20525297728607467,0.3123442343325942,0.5899146343508462,0.6479078164010896,0.40850780246427976,0.8071860908390672,-0.8082425321735631,0.6905083432678709,0.5132352579823687,0.7775296956554324,-1.125010470930791,0.23078531045093217,1.9930344408188145,2.606996430511687,0.9050438616053393,2.61008206093191,2.407188258400454
2019-02-17,0.9459688562396313,1.1408121631065855,0.4194614176718015,2.117370261486362,1.957134570469922,1.1771673869409154,1.1206831419119208,1.0459257993914928,-0.005531830719867219,0.7549179669052357,1.0902075759319494,1.2354373031550427,0.6654779045758542,1.8507781985464224,1.7021501551846905,1.2223790459091899,1.1433428287044773,1.1213607078607866,-0.42253782909998017,0.5399579549253976,0.7115995503026025,0.27480481190270023,0.7514347012135094,0.09460440688737506,-1.1101228816034037
2019-02-24,1.3769933763804727,1.185477389277363,1.604374940032942,-1.278958959976945,-0.21706704919818695,1.3361575429074992,1.2117527164302948,1.4595848515452676,-1.3319811476732053,-0.27491647514183953,1.4329678755765307,1.3317121262083385,1.5884276980633976,-1.0122342938234943,-0.029165546630590847,1.3821557481883782,1.3080211484233084,1.458693060990291,-1.0816551904627454,0.06116109679821168,-0.4860367947788181,-0.35796376011754755,-0.1605245352966766,-0.3591304323128518,-0.555160710710132
2019-03-03,1.2248495593231161,1.240893272878904,1.1631335788131454,0.11195215045913615,-1.2818096140385808,1.1172231138229478,1.259456570008683,1.0435549815993357,0.5582767977471126,-1.734429080576263,1.1735779955114665,1.2143043676869343,1.2114705952629836,-0.17562399511919682,-1.1941359378202314,1.093560496674603,1.236814400047969,1.0672718927588833,-0.007780921240515808,-1.1213289844713086,-1.157429969633862,-0.8370506271653769,-1.2035984749218065,-0.6399732864449474,-0.5151128807006496
2019-03-10,1.2764691489633508,1.2337873944512665,1.1450184939208057,0.21609741225031306,0.7310018348486552,1.294021096018829,1.3016918905460095,1.2920313390337206,-0.44542331941781826,0.3856046104359226,1.3297603954255472,1.274222263402939,1.2369370946056835,-0.04338477996967083,0.648831318871483,1.3125448139567766,1.2843995463523323,1.2952601879564996,-0.8059066016699377,0.11569557794946053,-0.34739892031139896,-0.028506302619981234,0.14637980574332002,-0.06984003800293673,0.592667313227357
2019-03-17,1.172879052047897,1.15491999302671,1.1800385322095222,-0.18849125360972915,-0.7854530755863265,1.1584077525662413,1.1583323367306797,1.2003682763076047,-0.7543345348412137,-1.087214390853397,1.069091666364829,1.0334176830467932,1.1672603585790566,-0.7251517424337254,-1.0439921501693774,1.050190450254992,1.0728171317232997,0.9629544395450608,-0.1282700813642987,-1.338540371321563,-0.37928377006415803,0.008814597338786046,-0.31485678311830007,0.08887129066311163,-0.8718360233760623
2019-03-24,1.234091551648597,1.420915094775156,1.0568666004133704,1.1676147889595911,1.2534302090747005,1.2970589931688499,1.3503662178872138,1.1186856934643754,0.813030110859297,1.0065099185174322,1.2823125219285132,1.3339226886428541,1.1046569841902532,0.941521199183105,1.0818915610382687,1.3282624386658308,1.3793127688306275,1.1351376895082765,0.45712618706298375,0.7777262569752884,-0.23580504332249252,-0.4731906559285445,0.35876220774640316,-0.5943372339564815,-0.0763353355484666
2019-03-31,1.6794112204487672,1.669869142549235,1.8698789376686469,-0.9416607966110577,-0.3895816410604855,1.6432725994886948,1.6217305811323313,1.7925969705326616,-1.5332683278766681,-0.601429449705362,1.683346659627053,1.5914165833427383,1.862217424284633,-1.422803470594712,-0.36579867467705085,1.6440805936975935,1.6413306044921327,1.696861849832856,-1.1112429013375145,-0.42650237005107744,0.0023675693076463233,-0.2520147678952072,0.15848101076600044,-0.3093992407652771,0.6328647695328858
2019-04-07,1.4608494480175378,1.3162689656618949,1.6128025912425485,-1.0507935240218407,-0.4428973573258903,1.4198871637412231,1.3501968943057097,1.4780199023115723,-1.1009952735008244,-0.3760629533428383,1.465684919026489,1.399388141083986,1.6222693484397444,-1.1778059079835752,-0.40043814294892593,1.468364457956005,1.5037873986481636,1.464241155965764,-0.4168431397891119,-0.29314131709685326,-1.728130647749676,-1.1703600469436426,-2.0158806083807588,-0.8633139093892662,0.04928078881645138
2019-04-14,1.533680591741087,1.4375691551496144,1.6647458671261715,-0.9082049303848477,-0.4259549894323977,1.5107722988830372,1.4185645696153797,1.607873954689997,-1.3198740372325328,-0.08902091976187351,1.5126720459461465,1.3765711345757734,1.6211238211396035,-1.268009186033076,-0.37856068091976064,1.4503907895044788,1.3624342737553785,1.5394591843108523,-1.0766774016475886,-0.2637606842031319,-0.9608810179285904,-0.5127903873149328,-1.774298835995271,-0.10192108802543833,0.2862177896366919
2019-04-21,1.4190617223778073,1.4413547473479515,1.272514770981975,-0.026159367628448862,0.3724193473446115,1.5053692464847144,1.6145318268134368,1.228760213154379,0.9940671737109231,1.2023797469230222,1.3950979470764358,1.5960960492368168,1.3107226733118922,0.09485135999177594,0.09355057140076042,1.5796592310550226,1.61271525667454,1.3965856873051732,0.893861763703484,1.1187311875639143,-0.5974349534068912,-0.651711135878314,-0.06547372184217959,-0.7420900421768862,-0.19781656929813998
2019-04-28,1.5055775095475363,1.7139842905962124,1.155954567541257,0.9929598624821471,0.18833216557874233,1.7620274486166168,1.9602108352386356,1.6132259400718023,1.207059945592864,0.8727497585808848,1.5806795148008674,1.8607687259394035,1.2482258254146403,1.0529917318131599,0.4438073516574704,1.6730717873876157,1.9500663559453568,1.6525565590511488,1.8001041386201493,1.420854583724578,1.0038603143290425,0.18642994858409936,1.394733166735169,-0.18518455921550234,0.2506097982323147
2019-05-05,1.6681812844582689,1.705009921112579,1.528993772628864,0.08349783257078938,-1.0102948585062634,1.653045225849952,1.73666960156958,1.4655524784025369,1.066911396028102,-1.7615234201163297,1.5870067142103448,1.632983601721465,1.3001858454997752,0.40914599974538396,-1.3404683893587264,1.6642709708597128,1.752308297227122,1.5158542180838934,1.6695004809827347,-1.7375013479543984,-0.07424683603362162,-0.47867236553826287,0.2553913700870498,-0.6287284824438801,-0.41371195770666086
2019-05-12,1.0144392562158913,1.0267824732621034,1.0466745998768565,-0.43255286664436854,0.21855786880765513,1.0339001455960395,1.0763468373061595,1.0131305844890792,0.34128813766433846,0.6586661579257514,1.0390561076774614,1.02092689863242,1.0472170937265146,-0.34982211620574083,0.33259313781179123,1.0179798040020258,1.02551019985005,0.9869781966439253,0.5168069098385306,0.29494824405210374,-1.0777963343342987,-1.3900196693821092,-0.37492985615663216,-1.6655581922333276,-0.1081406118707603
2019-05-19,0.7376516023501138,0.6004787259797124,0.8709430287261997,-0.7837821341134963,-0.42278876486000005,0.7066826294516779,0.6546362627298281,0.8884514125925261,-0.6203737645455776,-0.1752531945374198,0.6982188650349737,0.5485563781149381,0.8018633481549206,-0.6726785712035526,-0.5546950806658855,0.6280829746481371,0.6497343926139876,0.7292382393270054,-0.008206276085719569,-0.2778746968470816,-1.221883112713448,-1.3050112701865204,-1.1009828792411804,-1.064888659218034,0.1747334930925106
2019-05-26,-0.032950657359165,0.26684598366151996,-0.07715431103797599,0.8386685120176444,-1.6542936610854202,-0.14090254217377865,0.0723930092776303,-0.03018471804973251,0.3078202854146566,-1.172450090384222,-0.05619668545844359,0.04883747024874964,0.06684144477000097,-0.047682725673365255,-1.0726480373578973,-0.1773130212904706,-0.2238166613221998,0.0162296509387329,-0.8488463627065385,-0.7098838752261494,-0.5683408462360189,-0.6872314544600441,-0.25824187116623526,-0.7593944243654388,-0.074709816482555
2019-06-02,0.7270667046886788,1.3341957680964762,0.023314857722495978,2.1977713761303206,2.0360544087076446,0.9769091804324822,1.5190047856741922,0.08407211511005022,2.680060877718801,2.2349345966262,0.8054623246372091,1.2806943061477323,0.09570259295454554,2.1370511658468754,2.0343280544524687,1.0182920758521463,1.3667600251645322,0.046122321041107806,2.7076811799860896,2.2768313477797264,0.08081168022869992,-0.3926646798944561,0.6002560039641126,-0.8659171422657743,-0.7347084238021006
2019-06-09,2.2703675727538606,2.207061813853311,2.1100715903299596,0.34538303321068636,0.6888393590933548,2.149129402914282,1.9197814903046835,2.2227166721617553,0.0907056873131488,0.5368436434667437,2.2576905869228434,2.0869802471506333,2.2503087815299176,0.06601386045028076,0.6505237492905372,2.1133688992359807,1.8391977617314745,2.150510056948939,0.038855271235720884,0.44756658237559677,-1.2377495765703226,-1.1260293433812252,-1.2389689038788927,-0.6745405599413122,-0.40259187950626846
2019-06-16,1.94688254540556,1.6774387903383963,2.1143137887513093,-1.104203936610823,-0.3788303831413681,1.8333523321001157,1.6108437350227378,2.0777203156627015,-0.720019641242843,-0.2865650223474226,1.7705506678331877,1.5722244086987016,1.8815434339781856,-0.5624655719006276,-0.7569097099594951,1.7313730396677325,1.6401680371288998,1.8851068225771535,0.056203777130032107,-0.6396582097494067,0.14433196127704614,1.0596832978186355,-0.5623843284729151,1.8588407245464214,1.878009685219347
2019-06-23,1.1176772419679621,0.9989431927950269,1.1792997239638026,-0.35437180193064727,-0.7827657230374153,1.066518064218605,0.9480437724318226,1.1368919300770313,-0.1760538442024886,-0.5204864178450108,1.123709137501941,1.049206982956384,1.250299994217263,-0.1670800191846182,-0.6503830755895347,1.0511306527858533,0.893295902967046,1.1182625079661266,-0.06860882252977077,0.0265937367781344,0.5369532743135377,0.8704928326812035,-0.6569348049077391,1.5047351899452284,1.676712202411817
2019-06-30,1.332445257501174,1.2032016957994025,1.4580177327345143,-0.6987635516295926,-0.5413092635787368,1.1897379395254566,0.940331176110223,1.4380149685876413,-0.9981070084154564,-0.5052964624560239,1.2556973027496614,0.9768931491885904,1.5068405781695497,-1.0663481541343762,-0.274977947736152,1.278611400176296,1.0035094290502957,1.5446188881220402,-0.9366956249370005,-0.14552618010409565,-0.9149954500090625,-0.7199054987912098,-1.4767197498746971,0.2150895570914866,-0.2623716795209514
2019-07-07,0.9016480641064956,0.8122415779614572,0.8503158542974901,-0.3200591521867298,-0.3751306804038933,0.8446728655295428,0.78176244823084,0.929882194524281,-0.4352415735192291,-0.08863042406906146,0.8947368336299413,0.7525856835692821,1.0491956312907498,-0.7406682136349755,0.018184223524981304,0.8739262227497643,0.6364259176033252,1.067053589425602,-0.849812342787332,0.1267918322520258,-0.44746289596253835,-0.688686237252673,0.2157610185461808,-0.9434755232882532,0.1471796197689545
2019-07-14,0.03747313115629641,0.7249725317118556,-1.0741113576192756,2.497930502265866,-2.417278946336541,-0.10922852155666282,0.4396501225983849,-0.908818591638328,2.078211367795186,-2.159353461027328,-0.33429765225043667,0.2575905212973655,-1.7827723119870247,2.7713196786903302,-2.57954640870871,-0.3655451218748764,0.08087908637257317,-1.4991676543160912,2.4253497615504904,-2.436917849896747,2.1303321864420086,2.895376436541602,0.8330219718726743,2.9622207785915395,2.7911797180981734
2019-07-21,-1.1525083445474251,-1.16488726022021,-1.2129296196670099,0.5671181681005792,0.9004194019179124,-0.9954105092487647,-1.334016628767852,-0.7562035592588371,-0.5422415327813634,0.2228507650107407,-1.0995498105559853,-1.3113940403652076,-1.0721603843297303,0.22651630689385796,0.8922276081071571,-1.0066404668119655,-1.1950640583499088,-0.7365382185740265,-0.4081522125123982,0.3713779426736106,1.449097101028215,0.8508581861521303,0.7708228675866058,0.7093963322602211,-1.6226810414517994
2019-07-28,-1.2820815070087208,-1.24381122634604,-1.3808281566988567,0.7989894465118605,-1.1926146014529997,-1.4621578031856748,-1.3159555142881383,-1.693860217217501,1.1676586493531906,-1.4063408010194924,-1.4015141983983936,-1.1008829176249622,-1.30976853475973,0.8562841566402608,-1.1779109825195517,-1.5458353130920577,-1.3072766358920846,-1.6370518449631777,1.0134490688841198,-1.3865620803403977,0.38415888039905344,0.17452258276056834,-0.06682307609386866,0.21231191744269798,0.08048051391276369
2019-08-04,-2.0204831555748353,-2.116751312447783,-1.6400525629962404,-0.16993969062815453,0.8128038924566239,-2.0443006816341582,-2.115975525008544,-1.7581857328522117,-0.07913124245851152,0.6259864523914401,-2.0334558803726153,-2.092728979190804,-1.6021858012433239,-0.024928987700886644,0.7341537829946684,-1.9503304732564546,-1.9717223431820314,-1.6223785240531714,-0.1268870871536013,0.4545746508041716,0.17131562287281643,0.24046364187687644,0.3381657112893451,0.18139436899956102,-1.158261102112086
2019-08-11,-1.6372186253853866,-1.902148065121539,-1.2822418714570256,-0.9165008577958116,-0.09802992828383852,-1.5592624946715583,-1.6421578195106277,-1.320058917464396,-0.3263433033804171,0.3385906714071818,-1.6150884564531813,-1.8468787369730644,-1.2723402314112038,-0.5806872370173589,-0.07878132707944474,-1.5799142563385737,-1.6117597924853908,-1.4629056095224002,0.10680770701702906,0.36077331059791706,0.19254476081059085,0.5997323649118181,0.09001186543561622,0.6552403654812883,0.007852331575687273
2019-08-18,-1.3008977595117366,-1.2471027745956023,-1.2949129803599924,0.39255320631817764,-0.9035765980019901,-1.4432317764645284,-1.4059073399203967,-1.4692229356489228,0.5814417243262968,-1.068526139183232,-1.4174717600096902,-1.2995376748075318,-1.478092884440156,0.8467652485848424,-1.144535378660028,-1.5453967074861759,-1.4880218716056257,-1.598386106012228,0.7869402611365671,-1.249973230867463,-0.4245242863232989,-0.4324352840966697,-0.2787261562575657,-0.41273023981833834,0.024748227725124347
2019-08-25,-1.466458393081268,-1.4413927313395571,-1.3691542571596402,0.152606976837639,0.8390719402952712,-1.4295179707740422,-1.4905469164129397,-1.3267078801256105,-0.007042864786169843,0.849163436679044,-1.4639216123719159,-1.465397646461688,-1.2506544247844307,0.04091932521600115,0.8396100772798545,-1.4569678032524807,-1.5718056281411275,-1.2954592349805407,-0.2034870569929412,0.501853141005046,0.017132260043203947,-0.2044754186884753,1.1707759558311845,-0.565038128237121,-0.7466176335931879
2019-09-01,-1.0774872705662426,-1.1624519925831633,-0.8459448428422888,-0.63294360156535,0.6552511273861101,-1.061986108943435,-1.12109076330687,-0.9448858294334074,-0.19945019217022272,0.831922456024501,-0.9933849706085007,-1.0849245023329452,-0.847317738564638,-0.19409308806748202,0.9234476939660681,-1.0369743006222423,-1.1071761963593925,-0.9341709355173693,-0.11314973031009372,0.8990301616763432,-0.8403573579870799,-0.9763704789039607,-0.22199787696959872,-1.0572945721600953,-0.2846272078681971
2019-09-08,-0.24397683820360608,0.029900493156701697,-0.3826186547789621,0.988192274254409,1.5274187908177137,-0.1930017873792651,-0.01380200416465457,-0.34971847854334215,1.0126172133738192,1.4688782026493696,-0.2583936101814823,0.080235010936287,-0.35315285581816125,0.9240164552652361,1.5026306928257815,-0.11095194884091712,-0.10925700772131584,-0.19338250595970807,0.2916312063255491,1.1886302872197876,-0.831743059833094,-0.6823395096220475,-0.3245895769325102,-0.6854035887477087,-0.41430607409333964
2019-09-15,0.05876135132351705,-0.1337420096758517,0.30563363367899643,-0.9407879420075255,-0.2054848009687615,-0.014294501624131923,-0.22792060659408284,0.21551257677537275,-1.112924210780505,-0.05353067884576874,0.10526144373591498,-0.08873392303577536,0.4588846245732924,-1.0416618228840906,-0.09446457290304387,0.0598452794857037,-0.18030944598986265,0.291968263151793,-1.148665799897531,0.10099414132553915,-0.33668172807858676,0.5927182566015723,-0.224562110650497,0.7195725613880302,1.0867722014458163
2019-09-22,-0.1451319575974363,-0.2500534617119389,-0.07023967179935045,-0.3638317739516357,-0.07607864887596333,-0.16780106617779736,-0.2983416553163737,0.020510002988561007,-0.7074916025347777,-0.21667913855720952,-0.12026580750843963,-0.1540450927899889,0.1581889017183166,-0.5192845631340206,-0.22889796348121602,-0.17952829688797423,-0.3287289377762144,0.022541491368013148,-0.7211329478602407,-0.16476693787837918,-0.6423852776237317,-0.5877973827287196,-1.0949997951157373,-0.3873095680236972,-0.7902637708185085
2019-09-29,0.02993573453573438,0.12113118543132029,0.24796589616807999,-0.17362775020533544,0.007667713148158833,-0.018319288384846585,-0.03784249009420949,0.1579283923336615,-0.4025006420035195,-0.2397004314080403,-0.034570700280433894,-0.21484299956428785,0.23797826015376367,-0.6564204219173668,-0.007475685686091322,0.04564336860657972,-0.03306969036964204,0.2965504581397488,-0.6390596454706936,-0.2577478443886798,-0.8767794886722221,-0.9363683575268984,-1.075060454839501,-0.8315715709230068,-0.06065434904249079
2019-10-06,-0.8289425407469395,-0.5160313055063677,-0.8268330596821756,0.0732914118507461,-0.7571770818179073,-0.8927728740014139,-0.5374028990591999,-1.081086345697482,0.7425542292759196,-0.4563466283154531,-1.1571027552160227,-0.6187083073669963,-1.1078358093947276,0.40454914556337496,-0.5805467056668493,-1.1172181319166665,-0.5456811156349188,-1.0384956401163985,0.7172135483919174,-0.6170396679847354,0.23617147899218996,-0.046401598249839304,-1.3283903252471276,0.23941045871780914,0.6252887162796611
2019-10-13,-1.1617866575845395,-0.8046187521523368,-2.29831311150444,2.3528634529073496,-1.5041854535733263,-0.9935175497995381,-0.9114940083109148,-1.995707367494761,2.2352643864334074,-1.7106656506503457,-1.136397562715884,-0.7481003076553097,-2.3947920655564157,2.6401530236649635,-1.8224772166196561,-0.9888188870776717,-0.8154459980970671,-2.0767844060889322,2.5853624910509074,-1.8882788275034468,2.2431882296481365,2.97333930022991,1.4950616799474044,2.988725879471651,2.723362972583484
2019-10-20,-2.3308222534681278,-2.3032272030785217,-1.8751089207587497,-0.46261568426804606,0.42576460349637074,-2.386103822143958,-2.5577173861060927,-1.9463499753497389,-0.7900787290321297,0.6816348319494109,-2.3307722606946712,-2.478954870186505,-1.566476219335734,-0.6982059818570239,0.6968153041784559,-2.229967742273171,-2.487685832584963,-1.6351120239486336,-0.6222941153593791,0.8923759046563996,2.418771195667363,0.9396807367305897,2.1920645384177115,0.6235647989322148,-1.3630895657996436
2019-10-27,-1.3833622609951555,-1.6439515683024468,-0.9568838556294533,-1.095252684241959,0.26768343524915833,-1.3339846645246431,-1.4405548451493289,-0.8959323025161292,-0.8749943266771841,0.26164680208550833,-1.2281754504493936,-1.5591338166790547,-0.5731350162496914,-1.0936830569299845,0.15463287473133452,-1.2285038408676616,-1.4880999727129283,-0.7090863994943211,-0.8951456181649863,0.5318959332776324,-0.15450963685384964,-0.43368564744704724,0.5737597969137993,-0.5848586686047903,-0.047811475649627025
2019-11-03,-0.6183326168812453,-0.7698740813376761,-0.27844329920681804,-0.8080032750595231,0.35419978485619846,-0.6781634527302001,-0.6977366847676403,-0.44191612523458373,-0.4264056151598428,0.6284730927644437,-0.5211352792761154,-0.6421084239204962,-0.17838595629447385,-0.5392128291942536,0.6126358834294073,-0.6569130990819668,-0.7720994679527128,-0.2782541754112696,-0.6387047566002706,0.6544580705833849,-0.34046498178581286,-0.17920047920504661,0.15231911740552273,-0.2254637646242898,-0.8388336686479528
2019-11-10,-0.7695258562922709,-0.8769885319543893,-0.5837764776441475,-0.5324770357728812,-0.2825146078381882,-0.9130418944318214,-0.9932031158777065,-0.5893113993570874,-0.7447632059737757,-0.3804922909178518,-0.776319617718242,-0.9200882058937545,-0.33020336989405036,-0.708652911498472,-0.23973432207810677,-0.865397032443007,-1.0638923740820745,-0.46324118963053423,-0.7965012760618961,-0.3345943775959003,1.3311762932488729,2.147982290568368,0.02666236140028884,2.262552140176814,2.119840891565228
2019-11-17,-0.9940001931976509,-1.196944967157999,-0.6881857271652562,-0.9952142528400939,0.12136648195082453,-1.0988667721608854,-1.1991222662489476,-0.7727021181329636,-0.890148980350253,0.043800712643542586,-0.9166992137747345,-1.1427007597706151,-0.5086187870869414,-0.824475103917186,0.18743151358377458,-1.0728644397825413,-1.319773249057361,-0.6162956246438644,-1.0644628185051075,0.04464044333609398,-0.09205692156839075,-0.23503074578624708,-0.3146482479269925,-0.20368668780199195,-0.7059688119585301
2019-11-24,-0.6053479121591337,-0.7378194507789504,-0.48381479963671653,-0.5384622468547949,0.5031404631539846,-0.6956632678786695,-0.8903398846699494,-0.3592024108615811,-1.0773392249554128,-0.10222974143391593,-0.6026119987769117,-0.7944508616160824,-0.3374855653179088,-0.6157008171777485,0.2880139653775234,-0.5842240679177031,-0.8160963006945677,-0.262426400580875,-0.8611823645806838,-0.15068881885009253,0.0778405431963301,-0.05397699679202944,-1.621980489338623,0.1889150904447603,-0.760331240597309
2019-12-01,-0.543567278253064,-0.5750964687848092,-0.39860255743344364,-0.39934073487137817,0.5622553844072802,-0.6115917682927963,-0.6230571579646657,-0.41296761238102403,-0.4693359019516669,0.41920643153846954,-0.4230292931327202,-0.39011011295594733,-0.22256658127505313,-0.22698888534990258,0.509960381045236,-0.5464266912704459,-0.5861794765702253,-0.2678387803255971,-0.49944394583323526,0.4746875150387762,-0.8640053280124187,-0.770217358470867,0.078981151768576,-0.8277079304310602,-0.4500082866362968
2019-12-08,-0.30779132542685084,-0.530238702458002,-0.1110638990206066,-0.749505963301503,0.2806421593568168,-0.39094321934066634,-0.44873970143063674,-0.2298918174132725,-0.4061890146617988,0.5020701764225214,-0.23097467201218116,-0.45688273923347394,0.04941746516204771,-0.6363144752323342,0.30712437419916044,-0.31934791995371786,-0.5144464757525641,-0.08407039892285549,-0.6042966971751541,0.4545875167922741,-1.2527313815667531,-0.8773523896878078,-1.0571279900657864,-0.7677903955453219,-0.14945548269405226
2019-12-15,0.086207012460618,-0.20627327956278105,0.4475604968543812,-0.9347022045017517,0.3677961695859064,0.005983342246320143,-0.003265775600625003,0.2705218416690714,-0.42064715701042055,0.6648567919726709,0.1569673124741538,-0.11447407987220258,0.3605960405406946,-0.5327680811146034,0.1651090260877013,0.16519024967439172,0.22204030762872315,0.4024260182585167,-0.22170438308249227,0.7314608713465024,0.6388467889549321,0.9012341271554369,0.5919616075579353,0.8722998595236053,0.962262912484685
2019-12-22,0.9779246375228885,0.5884563395351667,1.2808076547832077,-0.8164557148331425,0.4478127487168191,0.8114683235833801,0.40630378255136523,1.1860614697919436,-0.9399840684065243,0.18221606240499066,1.0953767340273675,0.6889685860888359,1.1521803792088907,-0.5197710276013142,0.45347674984108494,0.9672568876137438,0.5081684694690829,1.1955631960496689,-0.76291773884405,0.061880122701775314,-1.204047656469624,-0.9345921661811462,-0.9112452001287771,-0.8607229111900601,-0.46214674270041767
2019-12-29,1.2122744134886465,1.2434888345566373,0.8833530455178789,0.40177330180748116,-0.6109088514108036,1.2327203076902127,1.157185268564329,0.8127857434458833,0.5619406822591217,-0.7373341214125453,1.2506482168318596,0.9862994307067683,0.9289296911328395,-0.021375103473169475,-0.4525107379404421,1.2506991123531301,0.979011520632573,0.9067352547757038,0.07899420637655546,-0.6021039966838506,-0.4373198304224894,-0.5292440468131238,-0.35655896227144407,-0.5106857749971337,0.04446464914385783
