Date,MCY_stock_Open_average,MCY_stock_Open_max,MCY_stock_Open_min,MCY_stock_Open_volatility,MCY_stock_Open_change,MCY_stock_High_average,MCY_stock_High_max,MCY_stock_High_min,MCY_stock_High_volatility,MCY_stock_High_change,MCY_stock_Low_average,MCY_stock_Low_max,MCY_stock_Low_min,MCY_stock_Low_volatility,MCY_stock_Low_change,MCY_stock_Close_average,MCY_stock_Close_max,MCY_stock_Close_min,MCY_stock_Close_volatility,MCY_stock_Close_change,MCY_stock_Volume_average,MCY_stock_Volume_max,MCY_stock_Volume_min,MCY_stock_Volume_volatility,MCY_stock_Volume_change
2016-03-27,1.271783150578744,1.2991634316638463,1.20205113597497,0.40869568478615526,0.7042900367340099,1.2476270604966542,1.1985601410966589,1.2088313063616423,-0.47485167084618746,0.4774280762682991,1.2521465055249683,1.2575695645354132,1.209170704799319,0.10449818594352901,0.4132845205964618,1.2742658244043592,1.2092306377181647,1.3152456298756718,-0.9724660132318673,0.01769811764969681,-0.9876476839694278,-0.9767217748421547,-0.6824831376615506,-0.8326658691179629,-0.3299490956907374
2016-04-03,0.8753363667192429,1.0446528259804433,0.8477278729919876,1.2201819539018275,-2.1930601690220146,0.8062809176274236,0.9581447560965785,0.7552654361343184,1.5713665643166963,-2.166194821668873,0.7853634169011565,0.9171822278982521,0.7850181426356371,0.9526808731135361,-2.0908194278392656,0.7231633834770101,0.8588129726001009,0.6967562701090231,1.0720782782268659,-2.0388839051846745,-0.9241783384919448,-0.5228523376902714,-0.9086159028804359,-0.2280925846076958,-0.3742544898745045
2016-04-10,0.6046153888889302,0.572191614842142,0.6691213374664622,-0.5896418834786507,0.2109729557186047,0.5869716891166533,0.571568011103422,0.5861283021379109,-0.21144363823469955,0.3390642046938282,0.6037464326388632,0.5621259131960962,0.6567469575978222,-0.6362027141975553,-0.05867886402724271,0.6144019275674577,0.5699421299660555,0.6065645415679671,-0.28493024710001835,0.43643961518145497,-1.6368273349580125,-1.3301011047670523,-1.6456736600844442,-1.0025950489346969,-0.15953841237435
2016-04-17,0.6008209187794676,0.5052191438648892,0.6372600158802224,-0.698993773978231,-0.5673412236999542,0.5778798482116627,0.49913434170017024,0.6420448188381369,-1.0349039993042273,-0.28725944990621854,0.618370517883024,0.5409993934932523,0.6837944002284695,-0.8143991817013295,-0.39712659485544116,0.5691559500256096,0.49897709631183823,0.5570290719985201,-0.4468733497198547,-0.4760276780975721,-1.4105437077133631,-1.0600743876463619,-1.845269265508324,-0.5339142290250384,-0.021766946932272872
2016-04-24,0.37142409464287524,0.23088613194644475,0.4955727329541453,-1.1025449495178283,-0.2140202726050335,0.3529337768271285,0.29559380909694455,0.3035902417321144,-0.09768431515897587,-1.022671296528802,0.39674292727024074,0.2907835409551197,0.42899709397129276,-0.6660247485645462,-0.6385897378758609,0.317112754210136,0.19790616987563092,0.3001806843940976,-0.47504949691391224,-0.9615606089925371,-0.1563259491467218,0.8804371479121642,-0.8171272317201549,1.7438301864312924,1.316574617099411
2016-05-01,-0.5863359573186991,-0.6804669554908815,-0.30562487612522155,-0.6687985403185683,-0.2736654660497688,-0.6199281409916213,-0.5078356090781543,-0.6963500945839806,0.7486693046658545,-1.3723094914039025,-0.7432499827030834,-0.7662072827105165,-0.921432548571369,1.0801477266189432,0.976464286643685,-0.6371436252405142,-0.7038490202907647,-0.36857798371804046,-0.695115490107637,-0.8354581147438606,-0.07859058023172459,0.7937863164248986,-0.6449587410487087,1.4516888347024615,-1.720623493666888
2016-05-08,-1.0984036194600444,-1.301890309989268,-0.8354736088494502,-1.3453854474178875,0.31760286780949043,-1.25341796000774,-1.7458221319920075,-1.0511905117190659,-0.9740765264374847,0.25276026860341266,-1.027260755375321,-1.3253515433867762,-0.5957524672337429,-1.5604516215865856,-0.11449271630170328,-1.2655786604357304,-1.6711112106737172,-1.0189329219380274,-0.7333260756263191,-0.2858124281192748,-1.303743127337492,-1.1074879939719142,-0.6921671191961097,-1.0491647483950526,-0.2990673869866143
2016-05-15,-1.8575601432180635,-1.7419431511618249,-2.087681004506688,-0.3342599843748227,-0.2300430808748386,-1.9395177112374835,-1.992610882175893,-1.887576392346454,-0.5390692326700909,0.15151135048802977,-1.80691108031313,-1.736800590337384,-1.5599150388049743,-0.39230094578264446,-0.21121213642802647,-1.8541843747039708,-1.9583834401686782,-1.8533494771955636,-0.46127287260815186,0.06041587291440415,-1.2797231449810267,-0.3333594857286132,-1.5793084712772958,0.3232603547682704,0.47685985453278434
2016-05-22,-1.1332215245309523,-1.067767492910847,-1.1169654277776648,-0.5370203344379966,0.40816975413010304,-1.2736582932034752,-1.3129029029350312,-1.322430992154808,-0.1909023472614125,1.0109105735291326,-1.0571430546863105,-1.2039956333023873,-0.9194727880694596,-0.7393005728638081,0.7946029962976361,-1.121367724664384,-1.1231839328501674,-1.2639186891606569,0.3975487477971991,1.29602108334403,-1.61970915445584,-1.1995513513055356,-1.380813520968329,-0.7882389218189996,0.5444640956447795
2016-05-29,-0.43870719138213626,-0.5563840733042553,-0.4120615222567875,-0.6079600189283683,0.46427810091444105,-0.6267472781293191,-0.8358316427880541,-0.34509656112989945,-1.277227265078302,0.293509052472589,-0.4673834896751181,-0.6424192631758866,-0.06489197444791198,-1.3101663815277822,0.1300344928908799,-0.4063223366539623,-0.6009273183872953,-0.23115656061267448,-1.1672707914045322,0.5080375521360087,-0.9545797065694661,-0.988782248006642,-0.21311712640101887,-1.0548626757311796,-0.2821070044653234
2016-06-05,-0.3685549484402097,-0.5708888292861956,-0.06633287089573135,-1.2426461170064573,-0.11630424589921015,-0.37355856744069726,-0.5286197122634756,-0.1916386557766725,-0.9121174936696774,-0.01793566173259315,-0.23354566714305525,-0.5407236793752715,0.17815413184373033,-1.4545556936877404,-0.1560822407793772,-0.29660170610104913,-0.5280816781148918,0.03494726592058304,-1.5908849143361898,0.1976641001231447,-1.0195797187266957,-0.8658709865448637,-0.8838196715948718,-0.6531860218711303,0.1614365795396976
2016-06-12,-1.0287409239742167,-0.337059061985867,-1.485144625143574,1.7712007115884327,-1.8384744992952722,-1.0042686577543647,-0.11418960165861734,-1.2205589388688194,2.1325874869710613,-1.789432955796182,-1.1789839149966441,-0.5047607942451859,-1.4202881989509144,1.7395955987693776,-1.7219088004735217,-1.2443327995200477,-0.7008460992055388,-1.4424582799815056,1.9131592514759226,-1.7379210428792604,2.137857109811343,2.2120497376147314,1.9370834840288191,1.9342767635902864,2.155177722051636
2016-06-19,-1.2855778338242532,-1.1502833774339918,-1.6253572261570597,0.5287644985478075,-0.700090410074642,-1.2089738586351166,-1.1089715098621094,-1.1312193814144251,-0.08282945454532896,-0.01994223846520353,-1.123137474146649,-1.0252818692492105,-1.1703674896721359,0.3783426199474239,-0.5787984124434593,-1.1530225233848708,-0.9016520801656281,-1.0265789107286205,0.4381180966882517,0.12371088379039206,0.08555946669264414,0.42420106452191686,-0.7522060867598577,0.753183809290665,1.014045852370505
2016-06-26,-1.3026168720795315,0.031265062122756454,-1.6744529964796588,2.299014953456504,2.290716511052059,-1.1687758125966523,-0.12277267027449092,-1.9227960892044214,2.389385093588245,2.2386299436055674,-1.3922699507051608,-0.12501462028730692,-1.551199758503748,2.1023226235461103,2.2829904902359632,-1.1354035113967047,-0.03945104490807729,-1.954624987825731,2.6302708072425807,2.3879224396795378,1.985924263322828,0.9817228427475236,2.4428789262675394,0.09021877850410787,0.23531862344448065
2016-07-03,0.748352524664879,0.8550738846577565,0.595262434158078,0.05255228726433351,0.9842960511600921,0.6058851366931678,0.39146481737890226,0.5963159471359036,-0.38769324158320073,0.5663242554187711,0.7662140291981696,0.682953922532498,0.6258330785851689,-0.28722825077575703,0.6060302682897806,0.7615113982948116,0.5545960588546002,0.8774842688990674,-0.6942246885951984,0.3483153487354427,0.6867099608254839,-0.08720761185178841,1.1754196604255214,-0.6701280053457868,-0.6085221442402524
2016-07-10,2.084718464525367,2.3278196009711194,1.51569223265246,0.8020016662213774,1.3924604039463246,2.061279708437115,2.109287552649357,1.6010353396941694,0.2190558393419583,0.9977474576704798,2.0785677409566277,2.3516800330529244,1.6121660095934545,0.21766674330910896,0.8950155929010858,2.1754339616351936,2.4116110533346533,1.851927931901276,0.005089703803317327,0.774072614634902,-0.26155785998380243,-0.5294151226997745,-0.12963364080010475,-0.5847584544336347,-0.4261918797469939
2016-07-17,1.8007250210641412,1.8377201835928703,1.8282660744492865,-0.26816264178621796,-0.6240225933556698,1.802911974499646,1.8114071558933846,1.8093386654080421,-0.35638873763094236,0.08120016291372906,1.704918644471587,1.7912386174699095,1.6886548052419432,-0.5513615312917789,0.020800168408312555,1.6890456144618875,2.018391459369147,1.6888194107141414,-0.0794475533744059,0.6305449334057273,-0.3425655925911748,-0.4462100579451728,-0.3934459842898622,-0.3507500741811079,-0.6885650411602783
2016-07-24,1.9475268099487817,1.962043862554047,1.9167172672459196,-0.1259469000753593,0.45155439823765764,2.0077766406157735,1.947638404544404,1.9801618003825083,-0.5513709888830581,0.2730330841429518,1.8708775247499403,1.8676966492900633,1.8091983364237079,-0.6968437547542832,-0.33586666683546107,1.9278084110450415,1.9659267683681934,1.8311058642370164,-0.3495545386151214,-0.2719901724954739,2.331967264933318,2.901604505756328,-0.08603327312364313,3.0375821569810078,2.8267575037228445
2016-07-31,0.27149359160886616,0.3712732371721223,0.3934449548710292,-0.09309065237395805,-0.9574736788081719,0.31605348405240774,0.9312869664944482,0.1410511135202759,1.1849202898745919,-1.7934293626566569,0.16012602863470016,-0.0507422157808385,0.33672371620185376,-0.7144523596956407,-0.5576262863324469,0.011010129042542127,-0.11686385588660725,0.13798773945097592,-0.4824568511687906,-0.8626781188784175,1.5311889502084337,0.8611765963760588,1.0175310845638965,0.6854906160984631,-1.5654932900636829
2016-08-07,0.1715376282853599,0.11599908852695583,0.24448739309541498,-0.2863089234603473,0.03657413480970647,0.07501463597607384,-0.0826215888933686,0.07506877303839846,-0.2551639977903088,0.024082956157430044,0.21660932324444207,0.16964026081543576,0.32286991395365316,-0.36817493933022977,-0.19270179623675082,0.11460953377589332,0.11433520389069307,0.12789072512945848,-0.06945693430267234,-0.3733826732623354,0.018550328592823448,0.2260304248285318,-0.05944397515317754,0.2514204444053757,-0.1436652241085734
2016-08-14,-0.34276453982255356,-0.6193240048073476,-0.10888889220098907,-0.8374051411424961,-0.4892182093132827,-0.5240682515729521,-0.854736367134087,-0.2742160052889817,-0.7514618204499224,-0.3893318901927429,-0.305649471445766,-0.6317575523943918,-0.1418255400013198,-0.6283455877050619,-0.45106723809958543,-0.44602096829147175,-0.803995927142886,-0.21689253314832177,-0.83115551577461,-0.5195873695388934,-0.871728607561809,-0.7957887600251053,-0.4137322397417261,-0.7500750779460119,-0.29818251446435634
2016-08-21,-0.25061913111744105,-0.5081907868329172,-0.09554183869484906,-0.6506309552504196,0.46322434903813153,-0.3510554405343906,-0.36222718546291494,-0.21396429921332782,-0.13937798975844715,0.7279670198932355,-0.18312523020072446,-0.40592608385115136,-0.09710949536166902,-0.3732518308041737,0.4212098335419436,-0.20298287558879574,-0.4566505614540334,0.009008953769568517,-0.6945905040417844,0.16871765148472498,-1.0794047920812544,-0.8950740246478276,-0.9105703054823548,-0.7563581831566605,-0.24385832434360025
2016-08-28,0.5719170178670503,0.3698331728562968,0.5075401463290108,-0.38315579412189094,0.5903436769563734,0.6552663170132311,0.6226193381738537,0.5229984376787729,-0.03679254558389978,0.7735334142329945,0.5752451046654824,0.7151886205575249,0.47534615155826637,0.11306292604947468,0.7408558460164782,0.7786875825586096,0.852207194141989,0.6352211463036282,0.10801183738599597,0.696612013990411,-0.7907057305244916,-0.689736002414556,-0.3014819157006647,-0.6612560004935663,-0.07328216062464818
2016-09-04,1.2413203200587075,1.1693668893343867,1.350319573865604,-0.9265360405677708,0.07877001812832825,1.2691150965165154,1.292336405093986,1.1906656815253844,-0.3063404725328045,0.08758118421729504,1.1750456746791287,1.1448147195735399,1.1877183237107964,-0.7261071413112722,-0.4152099820023996,1.2207352733773784,1.2610106437657724,0.983844656062971,0.11915010127363024,-0.6882213084942298,0.24374201652122165,0.24617445788017847,0.37657042266871,0.18213769090558507,-0.09291626008527831
2016-09-11,0.030797681763737827,0.28683008488010336,0.014489219694802975,0.5078037057149674,-1.4099091155029684,0.10769353558169767,0.22699765269853847,0.14687442256673536,0.08343953571006145,-0.8992209985204497,0.08685850091223181,0.37063273910398087,0.09457436634090935,0.4095928777154623,-1.4126466902654202,0.044614053034006236,0.41069916085731817,0.03120038145723012,0.6460103484078139,-1.5237302386691411,-0.19707654845915032,0.06614672015896794,-0.6924719367060181,0.19830428894784613,0.46765580946226665
2016-09-18,0.7206652200952135,1.3395733263436418,0.254471405397725,1.579213743626993,1.570045953394367,0.8532137136445,1.279315309182017,0.2884223417375938,1.327963454995385,1.408699111345332,0.8420303312656069,1.3079407642127348,0.4359103888912378,1.1381780511033393,1.1155665549933225,0.867496943695513,1.323801652022691,0.40376178978696314,1.3656099686667988,0.8295764735551375,-0.7167782446335971,-0.6470012673656471,-0.7911025216835345,-0.5225825747783004,-0.24507973922652487
2016-09-25,1.054409367473432,0.7330972787345823,1.1855667139817685,-0.682779375705487,-0.4028636860194668,1.0660057938227616,0.8156953953410346,1.333468203958306,-0.9080510880502348,-0.44842954026683446,1.0641620111750516,0.8058391512403138,1.3975525115185614,-1.1733389407012784,-0.5442941941117622,0.9120144718551499,0.7865860895822576,1.1662681239685733,-0.35695685753660755,-0.23518812572725634,-0.36670617490632224,-0.578438426752507,0.5460339811426995,-0.659816892774919,-0.024374238414913554
2016-10-02,0.12079444065981036,-0.0973673641515931,0.18977781832970017,-0.5237213978220211,-0.950816328167707,0.030065228117354004,-0.16628358186096603,0.21577201855208822,-0.6896899446967796,-0.25343616125685053,-0.02621291708689944,-0.12416315023041137,0.11853847676747152,-0.5119274657797166,-0.383185650200607,0.02302110895145118,-0.2668668209972716,0.21342112796463017,-1.0040661954087364,-0.09612565156301643,-0.45096478816488056,-0.3293054205277434,-0.6332446356536326,-0.2727816035230808,-0.7047288929929025
2016-10-09,0.5669687653019712,0.4955323080322034,0.6937249913538496,-0.3067780555037893,0.3935581596484196,0.5903237505606289,0.3853172518504934,0.9087960025899653,-0.9600454098714835,0.17960458688088282,0.665561024773577,0.6350009070998244,0.6836202036606882,-0.06158382877492282,-0.04812421898645198,0.5994700508466015,0.2683872402949349,0.5237760717187964,-0.3615295962468686,-0.05052163553919658,-0.8172395310326739,-0.7191680032010247,-1.1013961757480688,-0.6241805232171974,-0.025018626076743808
2016-10-16,-0.10377150202383748,0.6652718763242811,-1.5028395180778298,2.6789974106320162,-2.214313978181306,-0.34329208140201123,0.4055092147544342,-1.649833525514844,2.5699888607735346,-2.3556844507129595,-0.7604725588867818,0.10072473208165048,-2.033377607393111,2.8793500988483385,-2.7083522944946394,-0.8503954123228261,0.14146483829167789,-1.9931180344735353,2.7210487680543913,-2.694306722994602,-0.28983091201493705,-0.4602233453836619,0.06323255504157932,-0.4842811843224737,-0.017375662836411305
2016-10-23,-1.9784466327868173,-1.6116632318752981,-1.8314384230160863,0.3412537620533996,-0.9778046161937477,-1.9610610890485407,-1.8165947088743164,-1.656178644620738,-0.06629186737897866,-0.6660549533693926,-2.114254376525888,-2.0040362888415504,-1.930287493232701,0.3171588464481872,-0.8471970866231338,-2.088126670192221,-1.9225198146723246,-2.0618769356639586,0.21389332612070097,-0.8366878589917913,1.856107805646528,1.4550070805168394,2.4479065114363947,0.9913671941765666,-1.664189936608417
2016-10-30,1.0477268903987904,1.2638469791694829,0.791750756882335,0.6490533092683229,-0.5595039469111914,1.3415159778215264,1.5668501216219854,0.8681593420790004,1.015615833597104,-1.0345169288046954,0.6499876375842648,0.6474777277849162,0.604197083509259,-0.09580141270163184,0.6705088299145578,0.8787978050141042,1.266625080296168,0.7376537720203743,0.8081401631443511,0.4957497711592979,2.909457335059522,3.0681476251954187,2.467460205627448,3.093334003475369,-3.1135448220505566
2016-11-06,1.4811259737909477,1.8340123443103071,0.9725832545940846,1.4101366233588666,1.2848852041532948,1.6209784042500497,1.9031380452475322,1.013183043725046,1.5408402559455605,1.1939245473448046,1.4375226955292335,1.987972031322784,0.9717693878583971,1.478747696691275,1.5539014107131637,1.6575068662207029,1.727430943839471,1.0282902322774923,1.2882619409614717,1.7874105385281436,1.0315230139109022,0.39157179606642617,1.9861681219132399,-0.021548232861619727,0.8050227963521174
2016-11-13,2.2757849520963465,2.017029086090883,2.380347918842775,-0.8128568262844227,0.42886006093151635,2.152098721768854,1.9553764932786146,2.2607114507595902,-0.5339681679998349,0.5993235107234111,2.209922761960401,1.991273219484768,2.0802110785743433,-0.5093357664680934,0.17253831232552522,2.2100938109584582,2.0361600258272277,2.2613196934374575,-0.5058032995380719,0.6665997821652998,0.7155578813406468,0.3601440729685236,0.9412439510228792,0.18592810701999946,0.5181582275327509
2016-11-20,2.153054791900358,2.0516961258367212,2.1519130119492247,-0.8406448315714949,0.2052004704841749,2.0490673304452454,1.9729497407598453,2.1125703545601757,-0.6050086115397989,0.4666519499427735,2.157086635363749,2.0398562705195613,2.1057031877881744,-0.8483238492543734,0.1554991912931763,2.0443164469558806,1.9781415217753848,2.064359835475102,-0.6836601611846602,0.5253983401034669,-0.5078014502779541,-0.5310704734613759,-0.89254989596193,-0.3965028895775732,-0.17113748882494909
2016-11-27,1.8101086904876864,1.7923431042864129,1.7067612559099679,-0.4274813703728742,-0.6007186224774039,1.7081010824699907,1.6071660131028465,1.697985839753297,-0.6048741821828405,-0.3138834107110708,1.742569464912232,1.8049929405719427,1.6390928008570864,-0.12688056602243752,-0.48518244905463115,1.5555333738851789,1.5175163085316905,1.5308997300468214,-0.4755886673433943,-0.5866365307605422,-0.6339961504433004,-0.6307073764106673,-0.21176754152420835,-0.6850664286058455,0.1836907440039055
2016-12-04,1.53526276173749,1.6309917424886922,1.4474493510928539,-0.021554954846672993,1.088826841795621,1.521117351723796,1.598463237185914,1.3835375539368469,0.2739621341258122,1.1403579382717008,1.484334080594238,1.6168430127506936,1.3655043404081102,0.3518976858831463,1.066529945587384,1.544010441666967,1.628202040572524,1.3689707927232115,0.4804063781918595,1.1793590850124342,-0.5697764357973887,-0.5069909837194934,-0.5064398566528163,-0.46683590775099654,0.16111925903479327
2016-12-11,1.3580818485847805,1.5441431790874025,0.9870726454900898,1.2960417716734214,-1.5802240428910463,1.3487635563511253,1.4958793588145096,1.2069339976303128,0.6192399201262764,-0.9766648463320633,1.2896572058382183,1.4704019902611294,1.1011758560328737,0.9315905373116555,-1.3653950141129545,1.2455541935471703,1.432416418509244,0.99510899640413,1.2295434923182764,-0.9183892532429018,0.4997639139189488,0.8031661261727405,0.06682921201011968,0.9195524117415651,1.499357687228809
2016-12-18,1.2650933634424537,1.142114886316581,1.4018725242589367,-1.0104570224366503,0.6119117233531215,1.1957076345933364,1.0229548448112655,1.3559691307502446,-1.1413846036840767,0.3005003577486727,1.2830694173979034,1.1637802054509911,1.2783210446770807,-0.5445404755456132,0.6290962821788354,1.2465105253402564,1.0447171698450457,1.4058672383141513,-1.2501076374473987,0.13551847986519203,-0.6805409332480337,-0.5641273425995955,-0.8467310640497453,-0.4562818425622278,-0.1116224179420145
2016-12-25,1.1400641137530512,0.9747869095897737,1.2662477932308505,-1.2254508389253822,0.2566674839734428,1.1154857128398123,0.9530062266217034,1.2380658129475623,-1.1535983730954393,0.13190926251685806,1.1858243997520903,1.0458468582931681,1.2400469950717867,-0.976284579684966,0.09448073949964796,1.0799257888759894,0.9219692801022586,1.1507206664346794,-0.9596104169148665,-0.07394533374160231,-0.7191482109034953,-0.643927520215406,-0.8579244017100182,-0.5447023787534202,0.18934061064473104
2017-01-01,0.9299102896907631,0.8956992308922235,0.9459879528171228,-0.572086808696915,0.5293953364309282,0.9226207855873556,0.8467510740150734,0.9557568031569516,-0.7055851440498107,0.32366132222528504,0.9403762978469739,0.8283207676239195,0.9308208114111383,-0.704362582884202,0.4173287790909522,0.8795566486955458,0.8315237195678045,0.9049017992998847,-0.5752668882486881,0.22898331197872052,-0.4531744224110489,-0.4666237987749169,-0.23731241125597402,-0.4883130692780409,0.1154325834427615
2017-01-08,0.7018112860006467,0.696581323091317,0.6735095904935703,-0.3153640587241052,0.5247904746891422,0.7017597001284129,0.6694626858848863,0.6857085268695087,-0.435809375697722,0.7364238237604436,0.6608484417554294,0.6477617848939148,0.6753805455876387,-0.41825969389679624,0.5806456323895413,0.6653878311612443,0.6879265815835804,0.6081101653969913,-0.07089237821579115,0.5493799800503524,-0.6441081484375086,-0.6010603979845796,-0.4010841922267193,-0.6046904508615716,0.22813108489229533
2017-01-15,0.5504274668976264,0.49014410466863084,0.5689644182228252,-0.4618190653997154,0.1739580459433265,0.5430706941665151,0.6227075460611712,0.5551514586126601,-0.027369803612673087,0.5779014112359305,0.5894983537836691,0.6544079097589963,0.5809158533523929,0.1553705637178548,0.7872106200347788,0.5690523438211121,0.6733798531307902,0.5225434355687835,0.3616693771041585,1.0154858226329668,0.0429046440152747,-0.3075855439834674,0.26049305643556064,-0.4126973441210217,0.4801976023008144
2017-01-22,1.515199407579221,1.8963362796593548,1.1210657889291649,1.2275208103043782,1.6037093010700851,1.6760968093603683,2.029142484660174,1.0155944060751982,1.4680492825065772,1.7652814654445226,1.5624601760723253,1.7879525983654885,1.1503195501978996,1.6486265175011077,1.4676613595835815,1.704699085421656,1.968039620622906,1.2426103805871678,1.2815063102065585,1.4713103160945906,0.7243147899739308,0.32879198874219767,1.297661648308638,0.07316267050909571,0.7060099603822764
2017-01-29,2.1015143914628593,2.1870017292192414,2.021661694958131,0.012336870490381251,0.6704204488599483,2.1622458539716733,2.227008284041923,2.017770816969142,0.10637028669962192,0.6047290521242764,2.060214161641426,2.0806613863205294,2.024255289411172,-0.1035068825632605,-0.8013995554698063,2.0401972418391865,2.0923874690709563,1.941527323681315,0.20428216039765715,-0.9022614932249552,2.939680964678055,2.5260607272660067,2.918281941802936,1.7611587665384294,-0.5919265164524276
2017-02-05,-0.7124107032223752,0.7449080041108411,-1.6016856088225848,2.737028283027454,-2.501208851024784,-0.7709064441832257,0.8144816472940736,-1.6810427173146718,2.8042333222558407,-2.7837424015973267,-1.0685058908297846,0.41278945927546223,-1.566351091540461,2.716407612657611,-2.498143377818262,-1.321652667997525,0.08576487044998853,-1.6888144156829865,2.3865473686741314,-2.5002673541672347,0.8821698438683903,0.803787458102977,0.9415772672070244,0.5564011540208598,-1.3645757467294566
2017-02-12,-1.7527588636180937,-1.475363149410698,-1.5647183157607283,0.237527553646061,0.9361946757534974,-1.658548994706264,-1.607612503372836,-1.5549140878685466,-0.08592446487665502,0.5948147768208998,-1.5233029701851966,-1.6063331425224054,-1.4809431657259844,-0.12668118900469275,0.6917298229130449,-1.395510539038489,-1.5633310984717688,-1.2822694895523992,-0.3991838104159264,0.5126108694339442,-0.15631882192494714,-0.20392902530323243,-0.007206163899965028,-0.3419909022298573,-0.7310653451530768
2017-02-19,-1.0108038122305556,-1.3033535572681958,-0.6310104606860271,-0.7910143148203378,0.09276079519039407,-0.9215353509090168,-1.1025010772109751,-0.7691128914587394,-0.4304836522498927,0.26315490817687986,-0.8539976815074987,-1.217666252563058,-0.6069235186032476,-0.8752490321068972,0.1898190181777408,-0.8429361823718556,-1.202659593576843,-0.62239574443721,-0.8739333268158437,0.1584163626596976,-0.002334174780911801,0.03826090444663972,-0.4133074828319324,0.41561045680724396,-0.5062049679766454
2017-02-26,-0.46691174848410244,-0.4799215093069043,-0.4124004455369079,-0.057159169254701124,0.5897591096359018,-0.5612929373394526,-0.6150747625528049,-0.6029717485004048,-0.017657143280384025,0.4918278859477637,-0.42115090961902235,-0.5235385518733116,-0.4976644780129336,-0.02616849366472698,0.6328745533420075,-0.4039769205566254,-0.502749255840964,-0.3330019551249772,-0.2549518492989493,0.35308906014265307,-0.24932094984305647,-0.13327929615040857,-0.36025851211271337,0.09266362430109457,-0.43015251408519145
2017-03-05,-0.5393438871221686,-0.7089412129362805,-0.35654396356334916,-0.4220973889096134,-0.15421602751267535,-0.4809036206696014,-0.7532512699729197,-0.1364067481377163,-0.7681781419906478,-0.24734174325421265,-0.476654443252553,-0.7719234187063779,-0.23065997408908587,-0.7860055884860103,-0.2894334348764853,-0.5660500199343887,-0.8543487796808302,-0.38268950159507803,-0.7191308515306825,-0.2002266218374113,-0.5211564477009426,-0.609028433158961,-0.22066856526395426,-0.8290153919248581,-0.0675648014856421
2017-03-12,-0.33007220573519086,-0.1903127784008426,-0.4109720015625128,0.29773352658117974,0.3023012735715647,-0.056795332734326576,0.3343347187259181,-0.10703856072637304,0.5427023211102848,0.1356910386308844,-0.17074276347524275,-0.30646145572815164,-0.20255240641730976,-0.16179292709028936,0.12199621958183116,-0.12264277395173757,-0.2946390147851186,0.09249241727194611,-0.5860582273642654,0.010942806256900119,0.5801486033184803,2.124232894741421,-0.5428619312727391,2.941742030429824,2.964300495252258
2017-03-19,-0.3346229593579433,-0.32608845004837966,-0.11263190337201168,-0.28390971966032247,-0.34879531786571066,-0.35675442678675534,-0.35291160913342184,-0.2917187942417875,-0.09528573200614535,-0.3201519907311789,-0.3343326495738926,-0.5717637965239655,-0.21429399729973944,-0.5512708241171037,-0.5789390306546514,-0.4296315262281252,-0.5129058618979808,-0.23412061595865302,-0.48995338809380284,-0.7399535300418969,-0.8140208851607253,-0.827953925248359,-0.7647620505238915,-0.6271683830870333,-0.2213295918295473
2017-03-26,-0.0140508448308851,0.10043200390115767,-0.5468004248933924,0.8827926698355917,1.2014534942925912,0.21973713581050355,0.3405064095511276,0.0985499921565293,0.3387929659298547,0.8410052083259991,0.1497736921647933,0.3069879812236389,-0.3794422076428366,0.9928639695456534,1.2194493451181856,0.3517187571040813,0.2751086339982683,0.3080654818861869,-0.0016013360288842423,0.747316792579097,-0.424166271954134,-0.38435500296072694,-0.34982444532252205,-0.28975137528161826,0.06471065107269627
2017-04-02,-0.15069172413296528,0.20237651314819577,-0.26591162530701934,0.6397554856629512,-1.3868069489254018,-0.27052055908372263,0.08140685717489524,-0.48504208291679857,0.7343157238144045,-1.4243841847088565,-0.3969167609081098,-0.4641602152322953,-0.22033790887313237,-0.3983731838682103,-0.5911090366622778,-0.5157418799782001,-0.588170827696818,-0.41461165872423006,-0.389197068067379,-0.7606269649643205,-0.461901397560585,-0.4119799724464025,-0.5698009919473087,-0.20238140491802586,-0.7487350126100186
2017-04-09,-0.4279216561450443,-0.6787784239153578,-0.2536656545935039,-0.606032885724363,0.2875092611177632,-0.45988520672922606,-0.6629468054657378,-0.14793214686509962,-0.7387469393891442,0.020691161457710147,-0.3484089955375519,-0.5744587156676939,-0.1210129036032549,-0.7138773083255743,0.05332968072589805,-0.36400917624737145,-0.6584040917785937,-0.10594981865360878,-0.9699637823949667,-0.13552091793538806,-0.9496255515900088,-0.9749478455671637,-0.7100462276925447,-0.8238591762335561,-0.2444228275257332
2017-04-16,-0.06369562337674822,-0.3600670406906568,0.07462513836654508,-0.6149586892997967,0.2900813546314845,-0.07627489589270776,-0.47084571945486675,0.2529640872810461,-0.9592180311343156,0.18850530766409615,0.06561264311448835,-0.14749761491308963,0.09776084115774095,-0.36303030999998936,0.43821041843399416,0.10015930658272734,-0.21745965273637635,0.4368080670138097,-0.9824969386086698,0.2344800029118045,-0.7460594181930934,-0.8361891299614064,-0.4644142736781216,-0.7919209396308682,-0.07337621677463362
2017-04-23,1.3753724918648682,1.3667586222898462,1.2227037453790777,0.22861577760637974,0.7950401783650274,1.4740092820478743,1.3637991161288048,1.1630501749391111,0.38971939640174463,0.866339043270378,1.3953673276626155,1.5768877596886803,1.2116510143986072,0.6776060059792608,0.6415451101675615,1.431585641806502,1.5850715883853146,1.0850277454171595,0.9854728040728737,0.7621470629191516,0.5624825422021781,1.756080366134047,0.027840706968568007,2.0248868190588825,2.291270172903283
2017-04-30,-1.3872103464725734,-0.8349853317038111,-1.32064397334066,0.31840749746398084,-0.9968536594726659,-1.468626839896209,-0.687724638876314,-1.6348459144989713,0.7871097922024893,-1.1433303871769607,-1.6544380259211953,-1.1979896160970724,-1.7537636304697555,0.3947433639337322,-0.8904451432525995,-1.692023633926506,-1.089997557399202,-1.7605853615434146,0.7281723081343905,-1.0706168731696746,0.5892797675490294,0.10605407603973205,1.1248620336432105,-0.11136739025089268,-0.8762649154000305
2017-05-07,-2.5078961183767468,-2.2875323686751297,-2.5837284465150274,0.7019203361181287,-1.4488862814793668,-2.449602991345301,-2.1534567017435826,-2.441530658187746,0.5020296565189836,-1.3029330699072816,-2.5261958146905803,-2.542922625473669,-2.51647224942889,-1.1847173553436863,-0.5743532902960022,-2.5081366936702088,-2.5703968465521614,-2.4748906676490603,-1.3040417182017012,-0.3871803706315524,0.7540930392923814,0.7898801572828631,0.37780349556977977,0.7683373384380883,-1.4364719005629558
2017-05-14,-2.0851086337894396,-2.210723726929029,-2.03118009438084,-0.8349968845109832,0.3619952709191644,-1.9408086985089021,-2.1180174122319895,-1.8904923565271983,-0.8572949237260017,0.52623598896477,-1.9046124766474335,-1.8695235540798465,-1.952694742352388,-0.6920899325386456,-0.015124760741359022,-1.871396567189996,-1.874230733140124,-1.9210021481056514,-0.7676002367317826,0.15835464527908683,0.4080563309796122,0.4082120293702689,0.4636019611649116,0.36905806745665326,0.7587182619528889
2017-05-21,-1.380223392368142,-1.5354642117477084,-1.293753860246177,-1.186369804221254,0.30027997689312874,-1.4085136893034973,-1.6163682506227817,-1.4577832395198231,-0.7916122101634168,0.5680318217232492,-1.3003791676461212,-1.2640687063243183,-1.3147828488875815,-0.5073862966767341,0.44766947316585165,-1.2790590032582023,-1.276281061556706,-1.4060657779412984,-0.1800763045478201,0.7799787786130412,-1.123801303275133,-0.831069140997723,-1.231099312140596,-0.7172508989027866,-0.33211001076292546
2017-05-28,-0.9302970937389796,-0.9551465795289336,-0.8502154336717768,-0.6463726922259879,0.5781262111715686,-0.9481335889286043,-0.9534183961254583,-1.0167277439882034,-0.05602568205455661,0.9238712201444018,-0.9024928805276559,-0.770260758554382,-0.928712627494379,0.1230706891988465,0.8397608078839807,-0.8307795765522773,-0.7503955052775692,-1.0320165192942874,0.6433795173688975,1.394979708993416,-0.895546239461832,-0.7966693520043397,-1.0759503178639085,-0.7013603325077802,-0.11978082577679987
2017-06-04,-1.0871801948025768,-0.89912093968444,-1.4589384607859888,1.6038878756058756,-0.7999096794580002,-0.9700671653291275,-0.8971447366386293,-1.0716590330095934,0.28452439751018305,-0.5504186626248224,-1.180856123162091,-0.6847722939569055,-1.5006270228594234,2.136089077054075,-1.3166205107372884,-1.1236531903269507,-0.8218549505349044,-1.455798796538114,1.8381199929683976,-0.6263549386442528,0.7156963907497506,0.96848554856978,-0.888654062430387,1.1220798899384106,-0.02162700240140835
2017-06-11,-0.8389610414756791,-0.9253317704155042,-0.6885368958094292,-0.8992420785769435,0.15282979886419212,-0.859242279621653,-1.0127160007572749,-0.7645937511303211,-1.0491269831934154,0.10058317687117833,-0.784489082155302,-0.8331305428082768,-0.6548988276195491,-0.6898803993635214,0.013593109508872684,-0.6928931387935569,-0.7268953448536934,-0.6168485363573073,-0.46815581068629303,0.25390098019712803,-0.20466687697354521,-0.1256011077942997,-0.38561945416219345,-0.07652301383083183,0.32929296079100123
2017-06-18,-0.7648047901470744,-0.7253079148624152,-0.7316030647894567,-0.1834073674482489,-0.8004778862908657,-0.8931399452562203,-0.8681511511975198,-0.874960437834544,-0.28074069863639,-0.6989137069843588,-0.7814724846209385,-0.719710859477629,-0.7331083617052839,-0.18914083605925752,-1.2123548505487154,-0.8984082035449568,-0.8089844524998983,-0.8249086118341712,-0.12564272544092064,-1.0847273809743458,-1.1496771381932644,-0.6530787517125851,-1.2027263044504877,-0.5123795354977576,0.3219346300585393
2017-06-25,-0.8631592582247712,-0.9702945196855638,-0.6905750174697578,-1.1178522413142427,0.40622005034902614,-0.9230506099269152,-1.0207645655222874,-0.8270626405402124,-0.9142589125684973,0.12079423254976446,-0.9421940258556061,-1.0392430757729034,-0.8156562609243535,-0.9334151968481171,-0.20263639040569126,-0.9678642886694079,-1.0200747718772674,-0.9263744060977607,-0.4985874256636478,-0.7371278712247632,-0.6361028032518111,-0.7697610440047736,0.26950736642890905,-0.8630307375463816,-0.06106802467328062
2017-07-02,-0.9005744296236852,-0.9803281539869032,-0.8110812524888235,-0.7342315960566288,-0.16287917930911014,-0.8757142776625951,-0.9711047884663024,-0.8741081802859417,-0.5799030314066254,-0.5592578378034052,-0.9397304094931664,-1.0081536268640447,-0.8995619867463099,-0.6462703421009407,-0.7608222125433236,-0.902567506865508,-0.8952215778183096,-0.9468840535894337,-0.04433826068347111,-0.43559654446577134,-0.884626527029856,-0.8428941213452629,-0.5800817672937205,-0.8152270716369667,-0.3579854570930259
2017-07-09,-1.0943563067899724,-1.155540446358726,-1.02351781232991,-0.7759013603653458,-0.6454910065383196,-1.1421320200936056,-1.1789622177950931,-1.0636952915158298,-0.8540618193949414,-0.43138737192485094,-1.0551442195709015,-1.0788806308567467,-1.132765492604891,-0.3142985664857987,-0.4094543997195474,-1.103843848366124,-1.1559213678387537,-0.9728735855678915,-0.9673431087024819,-0.37266407168415727,-0.5078656018168564,-0.6451569545793383,-0.28390820424319324,-0.6459100436251226,-0.3472232887804616
2017-07-16,-0.9998398955771799,-1.001058113847709,-0.9509562765620122,-0.5907942550601795,0.4116401663474808,-0.9204335376980074,-0.917271435394002,-0.8953608125321191,-0.7032425516436405,0.23743516714791796,-0.9276702670999261,-0.966359433535583,-0.9342587510232828,-0.5907986351166938,0.6242966881315056,-0.8733679121844605,-0.8880449187463237,-0.7610922250993322,-0.8975205190499799,0.5570975086668687,-0.6245284194170864,-0.7095855720995681,-0.07566951429639121,-0.745943574268966,-0.2869498877468843
2017-07-23,-0.002254532347348562,0.32096034013998387,-0.6370330758645427,1.463044647001709,1.536276022471233,0.5001474790144133,0.3150919351774295,0.11223542535643154,0.5189342940951451,1.2036586780666059,0.05053552632858709,-0.017413705452063017,-0.3701707845291333,0.4648885446599065,1.6168781253307083,0.44982516767890285,0.5675815276484052,0.3975476511667103,0.5598309224961427,1.3445079056832479,1.20006664490862,0.3099671444521805,0.924066363151205,0.1502345191119842,0.17464588801916342
2017-07-30,2.838296850026555,2.762198732917178,2.867862168161145,0.20288705304482665,0.11779510650275953,2.892493519359571,2.893396608016535,2.9694528949259364,1.9855327120810138,-0.47612646035583844,2.7640374365311944,2.502839166924203,2.6564047754337277,0.34308440325711137,1.1456832570368816,2.7923036054412615,2.618259461296377,2.920606790414185,-0.06962113672449419,-0.6136029975945907,2.3326632459990027,2.434626959672145,1.580943605433377,2.40490702779918,-2.780573437929721
2017-08-06,1.8856215731424297,1.7281643965975255,1.8196764597579624,0.019378222873660794,-1.4568665889348704,1.8062914169371858,1.7106232978778624,2.034936419119503,0.11190688207987871,-1.2862676041816943,1.967033133486197,1.9669548175082994,1.7494936518633073,1.205226321395671,-1.9211427834018704,1.7908624217273497,1.7916425992031557,1.8310432172552265,0.27136840140629354,-1.4097070215620429,-0.281910532354296,-0.45734316170815914,0.7676427079174492,-0.5593518003831295,0.2842513498593521
2017-08-13,1.5073344972961973,1.2899374104186019,1.5598455256823984,-0.764133379135563,-0.21393966184981358,1.377496368703818,1.0722757473154796,1.550732252322781,-1.233970088762518,-0.42491497900536257,1.5810775242586517,1.3841961444907191,1.754740802143468,-0.6226600109451456,-0.15949207538072022,1.4329821464342178,1.3156277296754149,1.4565340493652785,-0.3018374884285336,-0.9323346100165806,1.1083214772158672,1.7561350942831462,0.13213538024454205,1.7997107186512546,2.1699139847377276
2017-08-20,1.0048150406769463,0.7418957753389638,1.1416637568732353,-1.2514615003211378,-0.09456548118889248,0.9037525723632943,0.6529041681320013,1.1321455274430055,-1.4796943154113935,0.44572301030035205,1.0763934363350596,0.8757617754578663,1.2127490796439928,-0.7810787341940962,0.44023643642616234,0.974905232201874,0.8178374250707072,1.044508671079321,-0.7407007189257127,0.5867378047406495,-1.2303603715851834,-0.8188794899291465,-1.8052005512114506,-0.6767196209812777,-0.14058732725308562
2017-08-27,0.6457553838161967,0.6100177404627891,0.6054910775144408,-0.05567561382521933,-0.30259787011746286,0.5978890805502867,0.5171741319543438,0.6815025585851129,-0.45962157913719043,0.06939519204506181,0.6377624385802533,0.48924077494658114,0.7754238373590874,-0.7222669541579909,0.341353602202886,0.5914974031549504,0.414049656715897,0.7125811988086426,-1.0302874293678663,0.6241996331762452,-0.767959773714856,-0.5980611534207146,-1.1990434231673548,-0.5011412283387813,0.011535612580579089
2017-09-03,-0.06521566073186974,0.07671931735083733,-0.41968859550994164,1.6810084365485405,-1.9546557083427616,0.19526702036224147,0.11416598696722394,0.3306003261639957,-0.7775762418120502,1.0492867352738948,-0.28808236770559564,-0.2607492497282875,-0.2933673342050351,0.06287983388660306,-0.840918904972177,-0.0577459119700268,0.21140138507240716,-0.44299640415010116,2.5421373772730402,1.7615652280158611,-0.13865830557564446,-0.45179185889469653,1.1084461210411816,-0.5945864804819889,0.057630141185253496
2017-09-10,0.5859030074020767,0.48937529835028315,0.5869990602666896,-0.36787101726211824,-0.6130057100460178,0.4767431309839409,0.5997288999335476,0.381132904038853,0.961452852949578,-1.365517617098164,0.6373456976680713,0.6626288957484496,0.673997312432335,0.14813643706124335,-0.7220299569344598,0.5603168525584742,0.7241077016132392,0.49583152835287136,0.9720850588862235,-1.082612498362405,0.3850350501731233,0.309086208026931,0.8905530571296536,0.22246962629947384,0.726849060282305
2017-09-17,0.1082068677862478,-0.11112694286595383,0.22591975380266557,-1.0958029866680388,-0.19167255122344506,0.09269079214682095,-0.03817902742965778,0.19958202626962163,-0.8353344145931794,0.1765944694578123,0.2545213758509371,0.1735082487131752,0.35914705704936395,-0.7644141909525658,-0.24095006513744568,0.1246334003479382,-0.026168001112923434,0.22021054561569645,-0.8799169864667274,0.3078532436458966,0.588956136361794,-0.07482722406555503,0.315185831374752,-0.1117024057381627,0.4551710983216706
2017-09-24,0.15518646583464368,0.054153198155624895,0.2971442238248752,-0.7827886370992927,0.49918463680055514,0.08803467319048541,-0.0087377463914029,0.15411422081564632,-0.5435673193689702,0.3903139145434163,0.2159636708152261,0.10389179967856885,0.44384657981463627,-1.3847988107890583,0.11380719200713278,0.11935786160335343,-0.07760304644621147,0.31848278231058524,-1.2705698099306233,-0.001841911002706269,0.3842363911461298,-0.15862204339500463,1.64053595585124,-0.36800374841854966,0.055588708616607786
2017-10-01,0.027947001132684043,-0.08527328533785551,0.14596080764179822,-0.6825039431822302,0.22587201536693843,-0.09470209709154721,-0.26383664390381245,0.05769860331290661,-1.0235223981893542,-0.0854991644275984,0.047310210397141644,-0.1234709138313985,0.2362153013529926,-1.3208099452685227,-0.058592185440746694,-0.03232550076084814,-0.08679862831467851,0.01823895919785467,-0.3223976033307715,-0.7522578177531855,0.10794322232581745,0.138747237148777,-1.1633931148374015,0.29514272315130263,-0.6931940426840509
2017-10-08,-0.5236450715722927,-0.643893769422548,-0.2969552507133783,-0.7726721192069226,-0.2960159869375751,-0.6908753893422777,-0.7144025417943856,-0.6040576455065085,-0.48839676179041097,-0.5446099045563949,-0.4103750878237304,-0.5254032158788953,-0.2607834364437979,-0.8814460241253864,-0.3206776526567076,-0.6361237893404069,-0.8091751713514835,-0.4892989315537995,-0.8667688834080614,-0.36494589109909714,0.02583957931967024,0.0337707913047981,-0.4915669617990383,0.1002591927504273,0.5086328173115879
2017-10-15,-0.7516181168664363,-0.8049295988049565,-0.6266232466697443,-0.14655361089181748,1.3990063498721754,-0.8930520612844687,-0.9370851868909941,-0.6673996587206201,-0.8732960061725336,0.8609714671804665,-0.593961878204477,-0.6244374670442595,-0.46715993391276206,-0.47475866453030374,0.7545732263913073,-0.7210427053278957,-0.9482165104152057,-0.5526254576263953,-0.777786540630155,0.2065500227428773,-0.49520223129159274,-0.17450859227477014,-0.20675619843720316,-0.15190590455190395,-0.04598770324895625
2017-10-22,-1.0483950102321697,-1.2305749883320007,-0.7168801294472015,-1.24835895521379,0.5869015471012587,-1.2922747539946555,-1.2984671328631374,-1.317388868861325,-0.8993251767464603,0.5753082715939484,-1.0683966752966774,-1.1209035862124253,-0.9326532517600453,-0.9558898222097808,0.12435385639624695,-1.1204991961426072,-1.177021982096131,-0.860959768087198,-0.7923339111702692,0.6691575159065282,-0.746576504703899,-0.5696460087484448,-0.6064070187459166,-0.5093855400660704,0.2442789366344121
2017-10-29,0.30714524155982637,1.8935031767883415,-0.46499102993760527,2.787812772134913,-2.490491616379699,0.18614267764766604,1.6740250747285739,-0.9266414371999718,3.028391004922029,-2.8646963757851576,-0.5199878887049146,0.7791204668403648,-0.8825049773564395,2.3810571294187466,-2.1912927082513036,-0.5669512135378842,1.1229480483438328,-1.0445544673900762,2.5027784868730425,-2.5249586586753816,2.2827726698732698,1.9015772833027333,0.6641943795601087,1.8502513373864924,-2.229816746300668
2017-11-05,-1.481088253822598,-1.4748545053987214,-1.1329233314626275,-0.6671984141558626,0.6776881870076286,-1.594571641021968,-1.4612104369954382,-1.4078434692742463,-0.5869891753881085,0.48690536605577833,-1.2461306037431066,-1.371860358849655,-1.076172361930889,-0.7046399270523321,0.09555481990393588,-1.3535988556964773,-1.5210981720327348,-0.9139935321275697,-0.8416583412142521,0.29474165520210804,0.6975317180875726,0.00868028911130326,1.7711718940739238,-0.2991583742847143,0.38374095539893377
2017-11-12,-1.8015410722764196,-1.4568294762985532,-1.5265595237779817,-0.4171178970516952,-0.04730082654755412,-1.8481468500732936,-1.2959766441282912,-1.9111615509372157,-0.042751333464083274,-0.24285987765450906,-1.4500567811458802,-1.268242057584636,-1.3879005977075354,-0.1163296975248778,-0.3009704765619426,-1.7990914521634784,-1.5372626091754005,-1.5218186841215071,-0.34539565172793923,-0.25972608862745394,0.6484181492924178,-0.367036107325035,1.4051476829045395,-0.7420504450880147,0.21471993093285674
2017-11-19,-1.638375303383728,-1.349357736732976,-1.3658134746307193,-0.651815805492479,0.618183120412806,-1.8231345674495067,-1.5186990313120974,-1.8624770675443554,-0.5676427054397368,0.4040865605844369,-1.526468001910844,-1.5023723652255359,-1.3080258096874555,-0.7210934392633347,0.5720887245830498,-1.7335018771928616,-1.556430817531771,-1.3167077164007173,-0.7156637074284247,0.14734622501890002,-1.2705412440045398,-1.1084540995179086,-1.9087583820608265,-0.6106292635966277,-0.6096253436415985
2017-11-26,-1.5071608180628566,-1.3115153771636403,-1.201527214763648,-0.7883993538342635,0.6183261575947593,-1.4510532230889992,-1.1709885349984128,-1.5125405327962258,-0.40701797183230926,0.39225777898404435,-1.7410118337879457,-1.4990728437715488,-2.138063720295729,0.5604975359402063,-0.6027479763428165,-1.5983143078356048,-1.3284942012085166,-1.4856079216558151,-0.4360300517145018,0.046299964039378326,-0.7552444326167238,0.03414076961902756,-1.05765477988084,0.3371174862191695,0.021564569399951876
2017-12-03,-1.5654093315329418,-1.2287388578432465,-1.649754305414608,-0.41068792714398494,-0.07181874730804386,-1.5854469036016898,-1.3131377969509979,-1.7114818499172464,-0.4196130002013008,0.1560377430217641,-1.7457038932277935,-1.533207402913347,-1.9478246857502972,0.4502083979989881,-0.5620076451862039,-1.7746261340209215,-1.3424700353110839,-2.1379027167919924,0.34236368385496596,-0.5280079403941544,-0.7741297346292974,-0.8018008844283148,0.003439689539233979,-0.8235462486592215,0.21938819851712832
2017-12-10,-2.323723935089245,-1.7189637317025628,-2.6394095862739286,0.4918395817572588,-0.7715730326035718,-2.1471693992861653,-1.6754611940127657,-2.371956244385752,0.17016938802233164,-0.2129642992630491,-2.42649875322764,-2.104925327680731,-2.3596887554289405,0.7231929546040402,-0.49947027876869216,-2.380176401693412,-1.8082793059390434,-2.526930999374942,1.091400767391433,-0.30571742386478423,2.3112875148782783,2.397294608295153,2.2727675807013075,2.063162260100135,2.0717130115523745
2017-12-17,-1.8459200482517586,-1.6098495138629323,-1.873117495674843,-0.2509801728348954,0.5955629381245177,-1.8399371400980442,-1.5966730196335621,-1.8642308028416208,-0.2955084968472431,0.2286617991293393,-1.8835536244809536,-1.874399751662092,-1.630658574808621,-0.6107596073019165,0.6707265134602471,-1.9196213672390965,-1.8588256050195202,-1.7347085027803983,-0.3525449944559666,0.6639387924246557,-0.12087115701721793,-0.24820865998033728,0.0360453872244886,-0.29823820205951546,-0.4652765882309444
2017-12-24,-1.307106849351192,-1.1822511995094709,-1.266044876204319,-0.40161639340349536,0.7472175686504922,-1.231474242502768,-1.065542498617463,-1.3005809580962682,-0.12232430135841292,1.018714830559178,-1.2014222707963285,-1.1296322187122227,-1.0535752872425639,-0.3095916276092464,1.2019860832348617,-1.243099591833404,-1.2198604616906243,-1.0604367663684409,-0.49857622872393254,0.9828643141567956,-0.7764183823861177,-0.721350193517595,-0.45768790276624893,-0.7069588455245488,-0.13311262573184382
2017-12-31,-1.4548493739614712,-1.011087554874005,-1.567768172331398,0.4917042561539238,-0.48437287393234224,-1.503358008597611,-1.1556624042433996,-1.6059603977701162,0.174218428776019,-0.2931025738571117,-1.7055619713300094,-1.6572281111304528,-1.5836532100602816,-0.6287264402328769,0.4461966836108549,-1.7066356417802695,-1.6274897885838837,-1.5689048191891286,-0.5122332115688345,0.5493586678197402,0.11289119280843053,-0.3316644008596067,0.3822687389942035,-0.5035273267611554,-0.5311104198530928
