Date,Open,High,Low,Close,Currency,Exchange
2016-01-04,44.48,44.48,43.83,44.33,USD,NASDAQ
2016-01-05,44.34,44.34,44.0,44.25,USD,NASDAQ
2016-01-06,43.42,43.64,43.27,43.5,USD,NASDAQ
2016-01-07,42.74,43.08,42.52,42.6,USD,NASDAQ
2016-01-08,42.92,42.92,42.03,42.1,USD,NASDAQ
2016-01-11,42.5,42.57,41.81,42.19,USD,NASDAQ
2016-01-12,42.5,42.54,41.91,42.29,USD,NASDAQ
2016-01-13,42.59,42.7,41.56,41.71,USD,NASDAQ
2016-01-14,41.86,42.45,41.52,42.27,USD,NASDAQ
2016-01-15,41.0,41.02,40.36,40.64,USD,NASDAQ
2016-01-19,41.36,41.43,40.78,41.12,USD,NASDAQ
2016-01-20,40.22,40.4,39.32,40.11,USD,NASDAQ
2016-01-21,40.06,40.7,39.73,40.45,USD,NASDAQ
2016-01-22,41.49,41.69,41.34,41.66,USD,NASDAQ
2016-01-25,41.39,41.44,40.96,40.96,USD,NASDAQ
2016-01-26,41.32,41.79,41.23,41.75,USD,NASDAQ
2016-01-27,41.73,42.15,41.37,41.55,USD,NASDAQ
2016-01-28,41.91,42.06,41.45,41.82,USD,NASDAQ
2016-01-29,42.0,42.65,42.0,42.65,USD,NASDAQ
2016-02-01,42.31,42.64,42.07,42.47,USD,NASDAQ
2016-02-02,41.99,41.99,41.36,41.5,USD,NASDAQ
2016-02-03,41.84,42.04,41.05,42.03,USD,NASDAQ
2016-02-04,41.94,42.42,41.91,42.23,USD,NASDAQ
2016-02-05,42.07,42.08,41.47,41.66,USD,NASDAQ
2016-02-08,41.0,41.07,40.51,40.92,USD,NASDAQ
2016-02-09,40.05,40.58,40.01,40.36,USD,NASDAQ
2016-02-10,40.59,40.88,40.3,40.35,USD,NASDAQ
2016-02-11,39.8,39.93,39.41,39.73,USD,NASDAQ
2016-02-12,39.95,40.42,39.74,40.39,USD,NASDAQ
2016-02-16,41.06,41.24,40.84,41.23,USD,NASDAQ
2016-02-17,41.58,42.07,41.58,42.03,USD,NASDAQ
2016-02-18,42.2,42.28,41.78,41.85,USD,NASDAQ
2016-02-19,41.47,41.72,41.34,41.7,USD,NASDAQ
2016-02-22,42.07,42.3,42.07,42.17,USD,NASDAQ
2016-02-23,41.96,41.99,41.47,41.54,USD,NASDAQ
2016-02-24,40.9,41.49,40.65,41.44,USD,NASDAQ
2016-02-25,41.65,41.88,41.42,41.87,USD,NASDAQ
2016-02-26,42.1,42.12,41.68,41.75,USD,NASDAQ
2016-02-27,41.75,41.75,41.75,41.75,USD,NASDAQ
2016-02-29,41.77,41.99,41.6,41.6,USD,NASDAQ
2016-03-01,42.25,42.81,42.19,42.78,USD,NASDAQ
2016-03-02,42.78,43.2,42.66,43.19,USD,NASDAQ
2016-03-03,43.2,43.65,43.2,43.65,USD,NASDAQ
2016-03-04,43.94,44.3,43.85,44.11,USD,NASDAQ
2016-03-07,43.64,44.18,43.55,44.05,USD,NASDAQ
2016-03-08,43.75,43.75,43.4,43.44,USD,NASDAQ
2016-03-09,43.71,43.87,43.6,43.75,USD,NASDAQ
2016-03-10,44.03,44.21,43.23,43.67,USD,NASDAQ
2016-03-11,44.44,44.79,44.41,44.79,USD,NASDAQ
2016-03-14,44.69,44.7,44.47,44.55,USD,NASDAQ
2016-03-15,43.94,43.95,43.73,43.92,USD,NASDAQ
2016-03-16,43.68,44.6,43.68,44.52,USD,NASDAQ
2016-03-17,44.61,45.11,44.56,45.0,USD,NASDAQ
2016-03-18,45.06,45.13,44.89,44.93,USD,NASDAQ
2016-03-21,45.0,45.04,44.77,44.98,USD,NASDAQ
2016-03-22,44.65,44.97,44.58,44.89,USD,NASDAQ
2016-03-23,44.72,44.72,44.28,44.31,USD,NASDAQ
2016-03-24,43.85,44.08,43.78,44.07,USD,NASDAQ
2016-03-28,44.44,44.47,44.19,44.36,USD,NASDAQ
2016-03-29,44.18,44.84,44.03,44.82,USD,NASDAQ
2016-03-30,45.22,45.51,45.21,45.27,USD,NASDAQ
2016-03-31,45.15,45.23,44.92,44.92,USD,NASDAQ
2016-04-01,44.02,44.53,43.95,44.47,USD,NASDAQ
2016-04-04,44.65,44.65,44.25,44.28,USD,NASDAQ
2016-04-05,43.55,43.64,43.42,43.51,USD,NASDAQ
2016-04-06,43.67,44.18,43.56,44.18,USD,NASDAQ
2016-04-07,43.83,43.87,43.41,43.5,USD,NASDAQ
2016-04-08,44.34,44.54,44.26,44.39,USD,NASDAQ
2016-04-11,44.73,44.89,44.47,44.47,USD,NASDAQ
2016-04-12,44.87,45.31,44.6,45.21,USD,NASDAQ
2016-04-13,45.89,45.92,45.69,45.88,USD,NASDAQ
2016-04-14,45.92,45.93,45.76,45.83,USD,NASDAQ
2016-04-15,45.78,45.84,45.68,45.72,USD,NASDAQ
2016-04-18,45.64,46.11,45.56,46.07,USD,NASDAQ
2016-04-19,46.76,46.95,46.64,46.91,USD,NASDAQ
2016-04-20,46.74,47.02,46.63,46.81,USD,NASDAQ
2016-04-21,46.79,46.79,46.42,46.51,USD,NASDAQ
2016-04-22,46.4,46.62,46.31,46.48,USD,NASDAQ
2016-04-25,46.27,46.27,46.06,46.25,USD,NASDAQ
2016-04-26,46.43,46.48,46.27,46.44,USD,NASDAQ
2016-04-27,46.31,46.66,46.27,46.58,USD,NASDAQ
2016-04-28,46.1,46.47,45.96,46.04,USD,NASDAQ
2016-04-29,46.09,46.14,45.66,45.89,USD,NASDAQ
2016-05-02,46.09,46.22,45.98,46.19,USD,NASDAQ
2016-05-03,45.63,45.72,45.23,45.26,USD,NASDAQ
2016-05-04,44.97,45.02,44.65,44.74,USD,NASDAQ
2016-05-05,44.9,44.93,44.58,44.68,USD,NASDAQ
2016-05-06,44.5,44.81,44.43,44.8,USD,NASDAQ
2016-05-09,44.82,44.84,44.5,44.56,USD,NASDAQ
2016-05-10,44.93,45.31,44.9,45.29,USD,NASDAQ
2016-05-11,45.1,45.24,44.97,44.99,USD,NASDAQ
2016-05-12,45.4,45.4,44.77,44.99,USD,NASDAQ
2016-05-13,44.61,44.76,44.32,44.38,USD,NASDAQ
2016-05-16,44.72,45.07,44.72,45.03,USD,NASDAQ
2016-05-17,44.9,45.02,44.61,44.69,USD,NASDAQ
2016-05-18,44.59,45.09,44.46,44.62,USD,NASDAQ
2016-05-19,44.31,44.36,44.09,44.28,USD,NASDAQ
2016-05-20,44.65,44.74,44.57,44.64,USD,NASDAQ
2016-05-23,44.52,44.65,44.43,44.48,USD,NASDAQ
2016-05-24,44.78,45.14,44.76,45.08,USD,NASDAQ
2016-05-25,45.34,45.63,45.34,45.55,USD,NASDAQ
2016-05-26,45.64,45.76,45.52,45.66,USD,NASDAQ
2016-05-27,45.54,45.66,45.48,45.56,USD,NASDAQ
2016-05-31,45.73,45.83,45.32,45.44,USD,NASDAQ
2016-06-01,45.26,45.48,45.14,45.45,USD,NASDAQ
2016-06-02,45.28,45.54,45.17,45.54,USD,NASDAQ
2016-06-03,45.78,45.96,45.55,45.95,USD,NASDAQ
2016-06-06,46.09,46.38,46.07,46.29,USD,NASDAQ
2016-06-07,46.59,46.77,46.56,46.68,USD,NASDAQ
2016-06-08,46.84,46.98,46.8,46.85,USD,NASDAQ
2016-06-09,46.29,46.39,46.14,46.23,USD,NASDAQ
2016-06-10,45.43,45.46,44.87,44.99,USD,NASDAQ
2016-06-13,44.43,44.75,44.26,44.35,USD,NASDAQ
2016-06-14,43.48,43.56,43.05,43.29,USD,NASDAQ
2016-06-15,43.68,43.88,43.54,43.63,USD,NASDAQ
2016-06-16,42.96,43.59,42.61,43.59,USD,NASDAQ
2016-06-17,43.78,44.02,43.54,43.92,USD,NASDAQ
2016-06-20,45.14,45.2,44.89,44.93,USD,NASDAQ
2016-06-21,45.22,45.5,45.02,45.23,USD,NASDAQ
2016-06-22,45.45,45.59,45.22,45.22,USD,NASDAQ
2016-06-23,46.05,46.46,45.84,46.41,USD,NASDAQ
2016-06-24,42.98,43.87,42.82,42.82,USD,NASDAQ
2016-06-27,42.43,42.43,41.6,42.05,USD,NASDAQ
2016-06-28,43.01,43.16,42.67,43.1,USD,NASDAQ
2016-06-29,43.78,44.05,43.71,43.95,USD,NASDAQ
2016-06-30,44.05,44.5,43.9,44.48,USD,NASDAQ
2016-07-01,44.56,44.7,44.52,44.6,USD,NASDAQ
2016-07-05,44.16,44.21,43.72,43.83,USD,NASDAQ
2016-07-06,43.38,43.75,43.07,43.74,USD,NASDAQ
2016-07-07,43.91,44.0,43.42,43.56,USD,NASDAQ
2016-07-08,44.06,44.34,44.01,44.31,USD,NASDAQ
2016-07-11,44.86,45.0,44.79,44.85,USD,NASDAQ
2016-07-12,45.38,45.67,45.38,45.47,USD,NASDAQ
2016-07-13,45.58,45.67,45.34,45.46,USD,NASDAQ
2016-07-14,45.8,45.95,45.75,45.85,USD,NASDAQ
2016-07-15,45.8,45.8,45.57,45.66,USD,NASDAQ
2016-07-18,45.65,45.86,45.55,45.82,USD,NASDAQ
2016-07-19,45.54,45.54,45.31,45.4,USD,NASDAQ
2016-07-20,45.69,45.85,45.57,45.76,USD,NASDAQ
2016-07-21,45.74,45.88,45.62,45.72,USD,NASDAQ
2016-07-22,45.82,45.82,45.67,45.79,USD,NASDAQ
2016-07-25,45.81,45.82,45.57,45.64,USD,NASDAQ
2016-07-26,45.79,45.95,45.65,45.83,USD,NASDAQ
2016-07-27,46.03,46.17,45.74,46.05,USD,NASDAQ
2016-07-28,46.04,46.08,45.8,46.04,USD,NASDAQ
2016-07-29,46.28,46.54,46.18,46.49,USD,NASDAQ
2016-08-01,46.49,46.53,46.22,46.27,USD,NASDAQ
2016-08-02,46.25,46.25,45.84,46.09,USD,NASDAQ
2016-08-03,45.77,46.01,45.67,46.01,USD,NASDAQ
2016-08-04,46.05,46.3,46.03,46.26,USD,NASDAQ
2016-08-05,46.23,46.5,46.22,46.47,USD,NASDAQ
2016-08-08,46.58,46.7,46.57,46.64,USD,NASDAQ
2016-08-09,46.8,47.16,46.8,47.0,USD,NASDAQ
2016-08-10,47.31,47.34,47.07,47.09,USD,NASDAQ
2016-08-11,47.36,47.54,47.29,47.47,USD,NASDAQ
2016-08-12,47.49,47.53,47.27,47.3,USD,NASDAQ
2016-08-15,47.42,47.67,47.42,47.59,USD,NASDAQ
2016-08-16,47.5,47.55,47.38,47.42,USD,NASDAQ
2016-08-17,47.32,47.48,47.06,47.42,USD,NASDAQ
2016-08-18,47.41,47.67,47.39,47.67,USD,NASDAQ
2016-08-19,47.28,47.37,47.05,47.35,USD,NASDAQ
2016-08-22,47.16,47.29,47.03,47.29,USD,NASDAQ
2016-08-23,47.6,47.67,47.41,47.43,USD,NASDAQ
2016-08-24,47.45,47.49,47.26,47.32,USD,NASDAQ
2016-08-25,47.23,47.3,47.15,47.23,USD,NASDAQ
2016-08-26,47.31,47.7,46.67,46.89,USD,NASDAQ
2016-08-29,46.9,47.09,46.78,47.07,USD,NASDAQ
2016-08-30,47.07,47.14,46.88,46.94,USD,NASDAQ
2016-08-31,46.88,46.94,46.61,46.7,USD,NASDAQ
2016-09-01,46.86,47.03,46.75,47.0,USD,NASDAQ
2016-09-02,47.49,47.6,47.33,47.54,USD,NASDAQ
2016-09-06,47.8,48.05,47.73,48.03,USD,NASDAQ
2016-09-07,48.22,48.22,47.95,48.09,USD,NASDAQ
2016-09-08,48.12,48.19,47.91,48.02,USD,NASDAQ
2016-09-09,47.6,47.6,46.95,46.95,USD,NASDAQ
2016-09-12,46.62,47.36,46.52,47.34,USD,NASDAQ
2016-09-13,46.41,46.42,45.76,45.91,USD,NASDAQ
2016-09-14,46.05,46.27,45.89,45.95,USD,NASDAQ
2016-09-15,46.08,46.51,45.94,46.4,USD,NASDAQ
2016-09-16,46.0,46.0,45.77,45.91,USD,NASDAQ
2016-09-19,46.47,46.51,46.15,46.22,USD,NASDAQ
2016-09-20,46.59,46.6,46.35,46.36,USD,NASDAQ
2016-09-21,46.83,47.33,46.68,47.27,USD,NASDAQ
2016-09-22,47.9,48.02,47.65,47.74,USD,NASDAQ
2016-09-23,47.38,47.44,47.23,47.24,USD,NASDAQ
2016-09-26,46.93,46.94,46.76,46.8,USD,NASDAQ
2016-09-27,46.79,47.1,46.68,47.09,USD,NASDAQ
2016-09-28,47.2,47.54,46.96,47.5,USD,NASDAQ
2016-09-29,47.45,47.52,46.81,46.96,USD,NASDAQ
2016-09-30,47.09,47.34,46.96,47.21,USD,NASDAQ
2016-10-03,47.19,47.23,47.02,47.18,USD,NASDAQ
2016-10-04,47.41,47.42,46.85,47.01,USD,NASDAQ
2016-10-05,47.31,47.39,47.15,47.35,USD,NASDAQ
2016-10-06,47.1,47.16,46.95,47.15,USD,NASDAQ
2016-10-07,47.06,47.06,46.53,46.85,USD,NASDAQ
2016-10-10,47.04,47.19,46.97,47.06,USD,NASDAQ
2016-10-11,46.79,46.79,46.19,46.32,USD,NASDAQ
2016-10-12,46.29,46.37,46.13,46.26,USD,NASDAQ
2016-10-13,45.79,46.16,45.57,46.07,USD,NASDAQ
2016-10-14,46.44,46.49,46.15,46.15,USD,NASDAQ
2016-10-17,46.14,46.17,46.0,46.06,USD,NASDAQ
2016-10-18,46.68,46.68,46.47,46.61,USD,NASDAQ
2016-10-19,46.74,46.84,46.63,46.77,USD,NASDAQ
2016-10-20,46.68,46.85,46.6,46.75,USD,NASDAQ
2016-10-21,46.51,46.69,46.41,46.69,USD,NASDAQ
2016-10-24,46.9,46.9,46.61,46.74,USD,NASDAQ
2016-10-25,46.72,46.76,46.55,46.69,USD,NASDAQ
2016-10-26,46.5,46.6,46.35,46.43,USD,NASDAQ
2016-10-27,46.5,46.56,46.31,46.32,USD,NASDAQ
2016-10-28,46.26,46.42,46.13,46.27,USD,NASDAQ
2016-10-31,46.21,46.41,46.16,46.31,USD,NASDAQ
2016-11-01,46.42,46.48,45.9,46.13,USD,NASDAQ
2016-11-02,46.01,46.09,45.67,45.74,USD,NASDAQ
2016-11-03,45.92,45.95,45.6,45.7,USD,NASDAQ
2016-11-04,45.44,45.52,45.24,45.26,USD,NASDAQ
2016-11-07,46.0,46.13,45.86,46.12,USD,NASDAQ
2016-11-08,45.97,46.38,45.87,46.27,USD,NASDAQ
2016-11-09,45.53,46.19,45.53,45.96,USD,NASDAQ
2016-11-10,45.91,45.98,45.37,45.66,USD,NASDAQ
2016-11-11,45.29,45.35,44.89,45.19,USD,NASDAQ
2016-11-14,44.88,44.93,44.7,44.91,USD,NASDAQ
2016-11-15,44.87,45.35,44.87,45.35,USD,NASDAQ
2016-11-16,44.9,44.99,44.81,44.88,USD,NASDAQ
2016-11-17,45.02,45.27,45.02,45.16,USD,NASDAQ
2016-11-18,44.91,44.93,44.68,44.78,USD,NASDAQ
2016-11-21,45.11,45.21,45.04,45.18,USD,NASDAQ
2016-11-22,45.42,45.43,45.2,45.4,USD,NASDAQ
2016-11-23,44.98,45.19,44.89,45.19,USD,NASDAQ
2016-11-25,45.38,45.38,45.28,45.37,USD,NASDAQ
2016-11-28,45.31,45.35,45.17,45.2,USD,NASDAQ
2016-11-29,45.13,45.5,45.13,45.42,USD,NASDAQ
2016-11-30,45.57,45.58,45.35,45.38,USD,NASDAQ
2016-12-01,45.44,45.45,45.2,45.26,USD,NASDAQ
2016-12-02,45.14,45.44,45.14,45.38,USD,NASDAQ
2016-12-05,45.51,45.8,45.44,45.74,USD,NASDAQ
2016-12-06,45.78,46.03,45.72,45.98,USD,NASDAQ
2016-12-07,46.19,46.69,46.13,46.64,USD,NASDAQ
2016-12-08,46.55,46.72,46.49,46.67,USD,NASDAQ
2016-12-09,46.64,46.81,46.58,46.81,USD,NASDAQ
2016-12-12,46.64,46.72,46.48,46.54,USD,NASDAQ
2016-12-13,46.91,47.1,46.84,47.0,USD,NASDAQ
2016-12-14,46.9,46.93,46.11,46.15,USD,NASDAQ
2016-12-15,45.9,46.18,45.9,46.12,USD,NASDAQ
2016-12-16,46.03,46.19,45.97,46.03,USD,NASDAQ
2016-12-19,46.1,46.15,45.97,45.98,USD,NASDAQ
2016-12-20,45.68,45.76,45.61,45.73,USD,NASDAQ
2016-12-21,45.73,45.78,45.66,45.66,USD,NASDAQ
2016-12-22,45.58,45.59,45.43,45.44,USD,NASDAQ
2016-12-23,45.5,45.59,45.47,45.57,USD,NASDAQ
2016-12-27,45.57,45.67,45.57,45.58,USD,NASDAQ
2016-12-28,45.7,45.71,45.5,45.55,USD,NASDAQ
2016-12-29,45.67,45.85,45.67,45.8,USD,NASDAQ
2016-12-30,46.08,46.13,45.77,45.88,USD,NASDAQ
2017-01-03,46.15,46.22,46.06,46.21,USD,NASDAQ
2017-01-04,46.47,46.72,46.4,46.72,USD,NASDAQ
2017-01-05,46.87,47.15,46.85,47.07,USD,NASDAQ
2017-01-06,46.96,47.02,46.9,46.97,USD,NASDAQ
2017-01-09,46.86,46.93,46.74,46.88,USD,NASDAQ
2017-01-10,46.97,47.09,46.92,46.96,USD,NASDAQ
2017-01-11,46.97,47.31,46.86,47.31,USD,NASDAQ
2017-01-12,47.45,47.45,47.2,47.38,USD,NASDAQ
2017-01-13,47.41,47.53,47.35,47.52,USD,NASDAQ
2017-01-17,47.46,47.47,47.34,47.4,USD,NASDAQ
2017-01-18,47.31,47.35,47.08,47.15,USD,NASDAQ
2017-01-19,47.15,47.2,46.95,47.11,USD,NASDAQ
2017-01-20,47.2,47.31,47.15,47.3,USD,NASDAQ
2017-01-23,47.35,47.52,47.25,47.52,USD,NASDAQ
2017-01-24,47.53,47.79,47.52,47.71,USD,NASDAQ
2017-01-25,48.02,48.21,47.94,48.21,USD,NASDAQ
2017-01-26,48.15,48.16,47.98,48.06,USD,NASDAQ
2017-01-27,48.04,48.04,47.87,47.95,USD,NASDAQ
2017-01-30,47.63,47.65,47.45,47.64,USD,NASDAQ
2017-01-31,47.73,47.79,47.56,47.75,USD,NASDAQ
2017-02-01,48.04,48.04,47.78,47.91,USD,NASDAQ
2017-02-02,48.01,48.05,47.87,47.97,USD,NASDAQ
2017-02-03,48.14,48.26,48.04,48.19,USD,NASDAQ
2017-02-06,47.88,47.91,47.74,47.91,USD,NASDAQ
2017-02-07,47.85,47.88,47.78,47.86,USD,NASDAQ
2017-02-08,47.9,48.03,47.79,48.01,USD,NASDAQ
2017-02-09,48.04,48.2,48.03,48.14,USD,NASDAQ
2017-02-10,48.2,48.42,48.16,48.4,USD,NASDAQ
2017-02-13,48.6,48.66,48.51,48.59,USD,NASDAQ
2017-02-14,48.47,48.55,48.24,48.55,USD,NASDAQ
2017-02-15,48.46,48.82,48.43,48.82,USD,NASDAQ
2017-02-16,48.83,48.86,48.74,48.86,USD,NASDAQ
2017-02-17,48.55,48.67,48.51,48.65,USD,NASDAQ
2017-02-21,48.77,48.93,48.73,48.93,USD,NASDAQ
2017-02-22,48.74,48.95,48.7,48.94,USD,NASDAQ
2017-02-23,49.13,49.15,48.93,48.99,USD,NASDAQ
2017-02-24,48.53,48.64,48.47,48.6,USD,NASDAQ
2017-02-27,48.52,48.62,48.43,48.56,USD,NASDAQ
2017-02-28,48.52,48.58,48.34,48.39,USD,NASDAQ
2017-03-01,48.76,49.05,48.73,48.95,USD,NASDAQ
2017-03-02,48.7,48.71,48.5,48.53,USD,NASDAQ
2017-03-03,48.61,48.81,48.51,48.77,USD,NASDAQ
2017-03-06,48.67,48.67,48.53,48.65,USD,NASDAQ
2017-03-07,48.56,48.62,48.45,48.54,USD,NASDAQ
2017-03-08,48.51,48.52,48.23,48.25,USD,NASDAQ
2017-03-09,48.33,48.36,48.16,48.31,USD,NASDAQ
2017-03-10,48.67,48.76,48.55,48.76,USD,NASDAQ
2017-03-13,48.88,49.03,48.88,49.03,USD,NASDAQ
2017-03-14,48.75,48.76,48.62,48.69,USD,NASDAQ
2017-03-15,48.82,49.5,48.78,49.48,USD,NASDAQ
2017-03-16,49.79,49.81,49.66,49.77,USD,NASDAQ
2017-03-17,49.82,49.88,49.69,49.76,USD,NASDAQ
2017-03-20,49.84,49.97,49.78,49.86,USD,NASDAQ
2017-03-21,50.2,50.23,49.47,49.51,USD,NASDAQ
2017-03-22,49.39,49.63,49.3,49.6,USD,NASDAQ
2017-03-23,49.54,49.82,49.51,49.71,USD,NASDAQ
2017-03-24,49.68,49.8,49.62,49.73,USD,NASDAQ
2017-03-27,49.58,49.82,49.47,49.8,USD,NASDAQ
2017-03-28,49.78,50.03,49.78,49.96,USD,NASDAQ
2017-03-29,49.81,50.02,49.75,50.02,USD,NASDAQ
2017-03-30,49.91,49.99,49.8,49.82,USD,NASDAQ
2017-03-31,49.61,49.77,49.55,49.68,USD,NASDAQ
2017-04-03,49.68,49.71,49.35,49.67,USD,NASDAQ
2017-04-04,49.5,49.71,49.42,49.71,USD,NASDAQ
2017-04-05,49.73,49.85,49.47,49.49,USD,NASDAQ
2017-04-06,49.51,49.54,49.37,49.49,USD,NASDAQ
2017-04-07,49.42,49.54,49.37,49.44,USD,NASDAQ
2017-04-10,49.39,49.44,49.3,49.4,USD,NASDAQ
2017-04-11,49.57,49.57,49.2,49.54,USD,NASDAQ
2017-04-12,49.5,49.55,49.34,49.55,USD,NASDAQ
2017-04-13,49.43,49.48,49.24,49.27,USD,NASDAQ
2017-04-17,49.57,49.67,49.48,49.67,USD,NASDAQ
2017-04-18,49.25,49.36,49.11,49.33,USD,NASDAQ
2017-04-19,49.38,49.4,49.05,49.11,USD,NASDAQ
2017-04-20,49.5,49.6,49.48,49.56,USD,NASDAQ
2017-04-21,49.53,49.55,49.43,49.54,USD,NASDAQ
2017-04-24,50.52,50.61,50.48,50.59,USD,NASDAQ
2017-04-25,50.81,50.96,50.74,50.89,USD,NASDAQ
2017-04-26,50.79,50.92,50.73,50.77,USD,NASDAQ
2017-04-27,50.79,50.8,50.58,50.7,USD,NASDAQ
2017-04-28,50.76,50.77,50.67,50.7,USD,NASDAQ
2017-05-01,50.92,51.0,50.83,50.93,USD,NASDAQ
2017-05-02,51.07,51.23,51.02,51.23,USD,NASDAQ
2017-05-03,51.04,51.2,50.93,51.08,USD,NASDAQ
2017-05-04,51.11,51.21,50.99,51.21,USD,NASDAQ
2017-05-05,51.26,51.71,51.23,51.7,USD,NASDAQ
2017-05-08,51.48,51.53,51.37,51.43,USD,NASDAQ
2017-05-09,51.48,51.51,51.33,51.4,USD,NASDAQ
2017-05-10,51.55,51.59,51.42,51.57,USD,NASDAQ
2017-05-11,51.43,51.49,51.29,51.46,USD,NASDAQ
2017-05-12,51.54,51.73,51.5,51.73,USD,NASDAQ
2017-05-15,51.93,52.09,51.89,52.09,USD,NASDAQ
2017-05-16,52.3,52.31,52.2,52.29,USD,NASDAQ
2017-05-17,52.0,52.01,51.57,51.6,USD,NASDAQ
2017-05-18,51.23,51.61,51.2,51.48,USD,NASDAQ
2017-05-19,51.94,52.22,51.93,52.19,USD,NASDAQ
2017-05-22,52.26,52.33,52.18,52.26,USD,NASDAQ
2017-05-23,52.38,52.38,52.19,52.26,USD,NASDAQ
2017-05-24,52.21,52.38,52.15,52.36,USD,NASDAQ
2017-05-25,52.48,52.55,52.35,52.38,USD,NASDAQ
2017-05-26,52.25,52.33,52.18,52.33,USD,NASDAQ
2017-05-30,52.14,52.26,52.13,52.22,USD,NASDAQ
2017-05-31,52.4,52.4,52.13,52.2,USD,NASDAQ
2017-06-01,52.4,52.59,52.36,52.59,USD,NASDAQ
2017-06-02,52.88,53.05,52.8,53.04,USD,NASDAQ
2017-06-05,52.86,52.88,52.76,52.83,USD,NASDAQ
2017-06-06,52.65,52.73,52.61,52.72,USD,NASDAQ
2017-06-07,52.82,52.87,52.54,52.74,USD,NASDAQ
2017-06-08,52.58,52.69,52.49,52.69,USD,NASDAQ
2017-06-09,52.53,52.66,52.29,52.45,USD,NASDAQ
2017-06-12,52.3,52.35,52.1,52.27,USD,NASDAQ
2017-06-13,52.59,52.7,52.53,52.7,USD,NASDAQ
2017-06-14,52.99,52.99,52.47,52.63,USD,NASDAQ
2017-06-15,51.9,52.11,51.82,52.11,USD,NASDAQ
2017-06-16,52.29,52.48,52.2,52.48,USD,NASDAQ
2017-06-19,52.68,52.8,52.65,52.71,USD,NASDAQ
2017-06-20,52.55,52.55,52.14,52.2,USD,NASDAQ
2017-06-21,51.67,51.75,51.54,51.56,USD,NASDAQ
2017-06-22,51.71,51.83,51.65,51.74,USD,NASDAQ
2017-06-23,51.75,51.91,51.65,51.87,USD,NASDAQ
2017-06-26,52.23,52.27,52.01,52.02,USD,NASDAQ
2017-06-27,52.03,52.1,51.88,51.9,USD,NASDAQ
2017-06-28,52.16,52.44,52.09,52.4,USD,NASDAQ
2017-06-29,52.24,52.24,51.64,51.86,USD,NASDAQ
2017-06-30,52.04,52.09,51.76,51.97,USD,NASDAQ
2017-07-03,52.1,52.13,51.99,52.01,USD,NASDAQ
2017-07-05,51.87,51.97,51.67,51.97,USD,NASDAQ
2017-07-06,51.67,51.81,51.58,51.66,USD,NASDAQ
2017-07-07,51.63,51.76,51.48,51.72,USD,NASDAQ
2017-07-10,51.74,51.92,51.71,51.88,USD,NASDAQ
2017-07-11,51.88,52.08,51.76,52.06,USD,NASDAQ
2017-07-12,52.42,52.64,52.42,52.56,USD,NASDAQ
2017-07-13,52.65,52.78,52.57,52.76,USD,NASDAQ
2017-07-14,52.99,53.23,52.93,53.23,USD,NASDAQ
2017-07-17,53.13,53.16,53.01,53.03,USD,NASDAQ
2017-07-18,53.07,53.17,53.0,53.17,USD,NASDAQ
2017-07-19,53.37,53.46,53.32,53.45,USD,NASDAQ
2017-07-20,53.59,53.67,53.49,53.65,USD,NASDAQ
2017-07-21,53.41,53.46,53.25,53.42,USD,NASDAQ
2017-07-24,53.37,53.43,53.2,53.42,USD,NASDAQ
2017-07-25,53.66,53.66,53.47,53.48,USD,NASDAQ
2017-07-26,53.56,53.88,53.51,53.77,USD,NASDAQ
2017-07-27,53.89,53.89,53.4,53.62,USD,NASDAQ
2017-07-28,53.47,53.62,53.4,53.62,USD,NASDAQ
2017-07-31,53.72,53.78,53.58,53.72,USD,NASDAQ
2017-08-01,54.13,54.18,54.02,54.06,USD,NASDAQ
2017-08-02,54.06,54.08,53.88,54.05,USD,NASDAQ
2017-08-03,53.97,54.06,53.91,53.96,USD,NASDAQ
2017-08-04,54.03,54.07,53.8,54.06,USD,NASDAQ
2017-08-07,54.04,54.14,54.02,54.12,USD,NASDAQ
2017-08-08,54.1,54.15,53.88,53.92,USD,NASDAQ
2017-08-09,53.6,53.76,53.49,53.76,USD,NASDAQ
2017-08-10,53.43,53.43,52.89,52.9,USD,NASDAQ
2017-08-11,52.91,53.04,52.81,52.91,USD,NASDAQ
2017-08-14,53.31,53.44,53.26,53.31,USD,NASDAQ
2017-08-15,53.28,53.28,53.06,53.2,USD,NASDAQ
2017-08-16,53.48,53.62,53.43,53.59,USD,NASDAQ
2017-08-17,53.39,53.46,52.94,52.94,USD,NASDAQ
2017-08-18,53.12,53.3,52.97,53.12,USD,NASDAQ
2017-08-21,53.21,53.27,53.07,53.23,USD,NASDAQ
2017-08-22,53.39,53.54,53.33,53.44,USD,NASDAQ
2017-08-23,53.31,53.56,53.3,53.53,USD,NASDAQ
2017-08-24,53.66,53.68,53.5,53.54,USD,NASDAQ
2017-08-25,53.77,53.97,53.71,53.88,USD,NASDAQ
2017-08-28,53.97,53.98,53.8,53.85,USD,NASDAQ
2017-08-29,53.51,53.72,53.48,53.63,USD,NASDAQ
2017-08-30,53.63,53.67,53.53,53.6,USD,NASDAQ
2017-08-31,53.79,54.05,53.75,54.01,USD,NASDAQ
2017-09-01,54.26,54.29,54.12,54.16,USD,NASDAQ
2017-09-05,54.02,54.06,53.55,53.75,USD,NASDAQ
2017-09-06,54.03,54.19,53.97,54.13,USD,NASDAQ
2017-09-07,54.51,54.54,54.41,54.54,USD,NASDAQ
2017-09-08,54.63,54.63,54.45,54.49,USD,NASDAQ
2017-09-11,54.88,55.02,54.82,54.96,USD,NASDAQ
2017-09-12,54.97,55.05,54.95,54.99,USD,NASDAQ
2017-09-13,54.91,54.92,54.67,54.74,USD,NASDAQ
2017-09-14,54.68,54.87,54.64,54.86,USD,NASDAQ
2017-09-15,54.98,55.0,54.86,55.0,USD,NASDAQ
2017-09-18,55.19,55.26,54.99,55.09,USD,NASDAQ
2017-09-19,55.16,55.28,55.13,55.28,USD,NASDAQ
2017-09-20,55.04,55.14,54.59,54.89,USD,NASDAQ
2017-09-21,54.77,54.87,54.71,54.79,USD,NASDAQ
2017-09-22,54.86,54.94,54.8,54.84,USD,NASDAQ
2017-09-25,54.65,54.69,54.35,54.49,USD,NASDAQ
2017-09-26,54.42,54.43,54.19,54.34,USD,NASDAQ
2017-09-27,54.18,54.34,54.15,54.29,USD,NASDAQ
2017-09-28,54.32,54.48,54.26,54.42,USD,NASDAQ
2017-09-29,54.59,54.79,54.5,54.73,USD,NASDAQ
2017-10-02,54.68,54.78,54.62,54.73,USD,NASDAQ
2017-10-03,54.88,55.05,54.82,55.04,USD,NASDAQ
2017-10-04,55.01,55.06,54.95,55.0,USD,NASDAQ
2017-10-05,54.97,55.09,54.94,55.02,USD,NASDAQ
2017-10-06,54.8,54.95,54.67,54.95,USD,NASDAQ
2017-10-09,55.0,55.02,54.88,54.94,USD,NASDAQ
2017-10-10,55.28,55.48,55.24,55.42,USD,NASDAQ
2017-10-11,55.54,55.67,55.48,55.67,USD,NASDAQ
2017-10-12,55.61,55.72,55.55,55.62,USD,NASDAQ
2017-10-13,56.0,56.05,55.94,55.99,USD,NASDAQ
2017-10-16,55.99,56.03,55.89,55.93,USD,NASDAQ
2017-10-17,55.77,55.79,55.65,55.78,USD,NASDAQ
2017-10-18,55.89,55.94,55.76,55.92,USD,NASDAQ
2017-10-19,55.54,55.69,55.5,55.69,USD,NASDAQ
2017-10-20,55.74,55.75,55.62,55.66,USD,NASDAQ
2017-10-23,55.71,55.71,55.48,55.51,USD,NASDAQ
2017-10-24,55.62,55.71,55.54,55.61,USD,NASDAQ
2017-10-25,55.69,55.69,55.17,55.41,USD,NASDAQ
2017-10-26,55.54,55.6,55.32,55.33,USD,NASDAQ
2017-10-27,55.35,55.57,55.2,55.55,USD,NASDAQ
2017-10-30,55.58,55.6,55.48,55.58,USD,NASDAQ
2017-10-31,55.8,55.87,55.65,55.84,USD,NASDAQ
2017-11-01,56.2,56.29,56.01,56.02,USD,NASDAQ
2017-11-02,56.02,56.14,55.94,56.14,USD,NASDAQ
2017-11-03,56.15,56.15,55.83,56.03,USD,NASDAQ
2017-11-06,55.98,56.23,55.95,56.22,USD,NASDAQ
2017-11-07,56.17,56.18,55.86,56.01,USD,NASDAQ
2017-11-08,56.12,56.25,56.05,56.22,USD,NASDAQ
2017-11-09,55.79,55.91,55.56,55.88,USD,NASDAQ
2017-11-10,55.76,55.79,55.58,55.73,USD,NASDAQ
2017-11-13,55.3,55.5,55.21,55.48,USD,NASDAQ
2017-11-14,55.49,55.49,55.28,55.42,USD,NASDAQ
2017-11-15,55.0,55.18,54.88,55.11,USD,NASDAQ
2017-11-16,55.63,55.79,55.54,55.74,USD,NASDAQ
2017-11-17,55.65,55.74,55.57,55.69,USD,NASDAQ
2017-11-20,55.74,55.84,55.71,55.78,USD,NASDAQ
2017-11-21,56.12,56.3,56.12,56.23,USD,NASDAQ
2017-11-22,56.51,56.53,56.23,56.39,USD,NASDAQ
2017-11-24,56.71,56.74,56.63,56.69,USD,NASDAQ
2017-11-27,56.59,56.59,56.26,56.27,USD,NASDAQ
2017-11-28,56.53,56.64,56.4,56.61,USD,NASDAQ
2017-11-29,56.58,56.58,56.14,56.22,USD,NASDAQ
2017-11-30,56.3,56.43,56.15,56.19,USD,NASDAQ
2017-12-01,56.05,56.18,55.79,56.1,USD,NASDAQ
2017-12-04,56.34,56.34,55.9,55.9,USD,NASDAQ
2017-12-05,55.96,56.09,55.8,55.82,USD,NASDAQ
2017-12-06,55.51,55.59,55.43,55.5,USD,NASDAQ
2017-12-07,55.46,55.75,55.37,55.64,USD,NASDAQ
2017-12-08,55.95,56.0,55.82,55.98,USD,NASDAQ
2017-12-11,56.04,56.14,56.01,56.1,USD,NASDAQ
2017-12-12,55.98,56.11,55.91,56.08,USD,NASDAQ
2017-12-13,56.23,56.52,56.23,56.39,USD,NASDAQ
2017-12-14,56.38,56.4,56.12,56.13,USD,NASDAQ
2017-12-15,56.12,56.18,55.96,56.1,USD,NASDAQ
2017-12-18,56.59,56.87,56.59,56.74,USD,NASDAQ
2017-12-19,56.75,56.76,56.46,56.57,USD,NASDAQ
2017-12-20,56.72,56.72,56.52,56.56,USD,NASDAQ
2017-12-21,56.16,56.4,56.11,56.3,USD,NASDAQ
2017-12-22,56.29,56.47,56.25,56.47,USD,NASDAQ
2017-12-26,56.47,56.54,56.44,56.5,USD,NASDAQ
2017-12-27,56.64,56.68,56.54,56.6,USD,NASDAQ
2017-12-28,56.88,56.92,56.68,56.7,USD,NASDAQ
2017-12-29,57.01,57.04,56.79,56.81,USD,NASDAQ
2018-01-02,57.17,57.38,57.09,57.38,USD,NASDAQ
2018-01-03,57.53,57.79,57.51,57.78,USD,NASDAQ
2018-01-04,58.17,58.31,58.13,58.26,USD,NASDAQ
2018-01-05,58.47,58.66,58.37,58.65,USD,NASDAQ
