,Date,MMMStock_Open_average_Predicted,MMMStock_Open_average_Actual,MMMStock_Open_max_Predicted,MMMStock_Open_max_Actual,MMMStock_Open_min_Predicted,MMMStock_Open_min_Actual,MMMStock_Open_volatility_Predicted,MMMStock_Open_volatility_Actual,MMMStock_Open_change_Predicted,MMMStock_Open_change_Actual,MMMStock_High_average_Predicted,MMMStock_High_average_Actual,MMMStock_High_max_Predicted,MMMStock_High_max_Actual,MMMStock_High_min_Predicted,MMMStock_High_min_Actual,MMMStock_High_volatility_Predicted,MMMStock_High_volatility_Actual,MMMStock_High_change_Predicted,MMMStock_High_change_Actual,MMMStock_Low_average_Predicted,MMMStock_Low_average_Actual,MMMStock_Low_max_Predicted,MMMStock_Low_max_Actual,MMMStock_Low_min_Predicted,MMMStock_Low_min_Actual,MMMStock_Low_volatility_Predicted,MMMStock_Low_volatility_Actual,MMMStock_Low_change_Predicted,MMMStock_Low_change_Actual,MMMStock_Close_average_Predicted,MMMStock_Close_average_Actual,MMMStock_Close_max_Predicted,MMMStock_Close_max_Actual,MMMStock_Close_min_Predicted,MMMStock_Close_min_Actual,MMMStock_Close_volatility_Predicted,MMMStock_Close_volatility_Actual,MMMStock_Close_change_Predicted,MMMStock_Close_change_Actual,MMMStock_Volume_average_Predicted,MMMStock_Volume_average_Actual,MMMStock_Volume_max_Predicted,MMMStock_Volume_max_Actual,MMMStock_Volume_min_Predicted,MMMStock_Volume_min_Actual,MMMStock_Volume_volatility_Predicted,MMMStock_Volume_volatility_Actual,MMMStock_Volume_change_Predicted,MMMStock_Volume_change_Actual
0,2018-02-25,242.47400000000002,238.232,247.367,244.61,238.15100000000004,229.75,9.560000000000002,14.860000000000017,-3.1720000000000006,-9.259999999999991,246.19899999999998,239.982,251.24299999999997,244.86,240.42499999999993,231.27,10.081999999999999,13.590000000000005,-1.3560000000000008,-13.590000000000005,239.63699999999997,234.09799999999998,243.95600000000002,240.72,232.58400000000006,226.33,8.660000000000002,14.389999999999983,-0.31000000000000005,-12.179999999999977,241.90300000000002,236.428,248.26500000000004,244.14,237.12499999999994,230.37,8.963999999999999,13.769999999999984,1.0360000000000005,-13.769999999999984,3018624.8,2745295,4011225.4000000004,3487126,2198666.2,1778336,1812559.2000000002,1708790,-242698.82299999997,-173983
1,2018-03-04,240.13999999999996,233.924,244.46699999999998,238.0,235.091,230.0,9.878000000000002,8.0,-2.976000000000001,8.0,244.46699999999998,236.982,249.034,241.37,238.393,233.71,9.963999999999999,7.6599999999999975,-1.3739999999999999,7.6599999999999975,237.33799999999994,232.042,241.06400000000005,236.17,231.34599999999992,228.53,8.723999999999998,7.639999999999987,-0.5680000000000001,7.639999999999987,239.56900000000005,235.946,246.04299999999998,241.35,234.06900000000002,232.81,9.243999999999996,8.539999999999992,0.7380000000000001,8.539999999999992,3016695.4000000004,2067261,4042608.5999999996,2235348,2119309.0,1840871,1923299.5999999996,394477,-168683.55899999995,-394477
2,2018-03-11,239.33799999999994,238.53799999999998,244.72500000000002,242.1,235.62699999999998,235.22,11.546000000000003,6.879999999999996,-6.087999999999999,-6.430000000000009,243.00300000000001,240.328,247.367,243.1,236.808,238.08,10.18,5.019999999999982,-6.467999999999998,-4.930000000000007,236.01899999999998,235.982,242.04999999999995,239.3,228.48699999999997,233.85,9.94,5.450000000000017,-4.666,-3.630000000000024,236.76300000000006,236.95,244.34199999999996,239.8,232.76800000000003,234.29,9.533999999999999,5.510000000000019,-4.282,-2.5800000000000125,2998046.2,2605878,3993908.2,4858043,2142875.0,1770516,1851033.2000000002,3087527,-416804.338,2706777
3,2018-03-18,234.54599999999996,231.334,240.034,236.01,229.978,223.5,10.73,12.509999999999993,-2.0720000000000005,-12.509999999999993,236.976,232.86599999999999,241.58400000000006,237.22,232.586,224.27,9.594,12.949999999999989,-2.8179999999999996,-12.060000000000002,231.42299999999997,226.444,236.39999999999998,232.31,226.03999999999996,215.27,9.249999999999998,17.039999999999992,-0.92,-14.98999999999998,233.90599999999998,227.336,238.76300000000006,234.14,229.99599999999998,215.36,9.073999999999998,18.779999999999973,-0.406,-16.199999999999992,2833639.0,2890902,3655846.2,4295470,2049790.7999999998,1588258,1505588.1100000003,2707212,-848117.7620000001,1599494
4,2018-03-25,235.54499999999996,218.475,238.56200000000007,221.02,230.807,217.23,8.328,3.790000000000021,0.42000000000000004,-0.0700000000000216,237.46,220.925,240.24499999999998,221.86,234.36599999999999,219.66,7.109999999999999,2.200000000000017,-0.31600000000000006,0.5799999999999841,233.16000000000003,215.57,236.54899999999998,217.46,229.10500000000002,214.73,7.411999999999999,2.7300000000000177,-0.08000000000000002,2.2800000000000007,235.44199999999995,218.0425,238.75200000000007,220.24,231.472,215.87,8.028,4.3700000000000045,0.32400000000000007,-0.7199999999999989,2440650.8,2859138,3309356.8,3573985,1826780.0,2522861,1482576.7999999998,1051124,-221514.8,-930944
5,2018-04-01,234.923,215.896,239.36300000000003,218.64,229.156,212.39,9.333999999999996,6.25,-3.5780000000000003,-0.6500000000000057,236.56800000000004,218.452,240.12999999999997,220.31,231.955,216.46,8.088000000000001,3.8499999999999934,-4.339999999999998,0.12999999999999545,231.913,211.81599999999997,236.02999999999997,216.56,225.743,209.47,9.361999999999998,7.0900000000000025,-4.536,1.5300000000000011,234.34599999999992,215.486,238.24199999999996,218.67,228.621,212.25,10.288,6.419999999999988,-4.411999999999999,-0.37000000000000455,2518792.8,2944080,3510380.5999999996,3840833,1718932.4000000004,2488891,1791448.2000000002,1351942,593385.8259999999,-1336918
6,2018-04-08,230.99300000000002,215.416,235.74099999999999,218.09,225.32199999999997,213.75,9.208,4.340000000000003,-4.054000000000002,4.340000000000003,231.99300000000002,217.56400000000002,235.79100000000003,218.71,228.24299999999997,215.89,8.283999999999997,2.8200000000000216,-4.467999999999998,1.8199999999999927,227.82899999999998,214.12,231.55000000000007,215.23,225.177,212.4,9.45,2.829999999999984,-4.175999999999998,2.0600000000000023,230.94099999999997,215.21200000000002,233.69100000000003,216.98,225.13599999999994,212.81,10.193999999999997,4.169999999999988,-4.945999999999998,2.7100000000000084,2633694.8,2242105,3689994.4000000004,2877276,1900168.4000000004,1819778,1789826.0,1057498,442492.867,-151527
7,2018-04-15,226.63799999999998,218.638,230.79200000000003,220.39,222.00699999999998,217.2,7.485999999999997,3.1899999999999977,-2.3319999999999994,1.210000000000008,227.89200000000002,220.31,230.58400000000006,221.69,225.37,219.27,6.335999999999997,2.4199999999999875,-1.7239999999999993,1.009999999999991,223.43399999999997,217.652,226.382,219.16,221.11999999999998,216.59,7.99,2.569999999999993,-1.434,0.15000000000000568,226.75200000000007,218.782,228.414,220.09,221.03899999999996,217.7,8.723999999999998,2.3900000000000152,-2.2660000000000013,0.05000000000001137,2673451.8,1920147,3760735.8,2634318,2042279.4000000004,1453128,1718456.4000000004,1181190,374841.9060000001,573801
8,2018-04-22,223.723,204.21400000000003,226.86100000000005,218.02,219.888,196.77,6.754000000000003,21.25,-3.0640000000000005,-21.25,225.358,204.74400000000003,227.078,218.73,222.66100000000006,197.11,5.3679999999999986,21.619999999999976,-2.892,-21.619999999999976,220.60400000000004,199.84400000000002,223.26400000000004,214.75,218.15200000000004,194.4,7.027999999999999,20.349999999999994,-2.5500000000000007,-20.349999999999994,222.605,201.812,224.78200000000004,215.88,217.51500000000004,196.12,7.85,19.759999999999987,-3.4319999999999995,-19.759999999999987,2708420.5999999996,5575312,3889121.4000000004,11671410,2038060.7999999998,2520707,1851060.5999999996,9150703,377001.436,834055
9,2018-04-29,219.33099999999996,195.146,223.75400000000008,196.96,216.75400000000008,194.03,6.015999999999998,2.9300000000000064,-1.536,-1.8900000000000148,221.24899999999994,197.38400000000001,224.40899999999996,199.93,218.744,195.54,4.847999999999999,4.390000000000015,-1.7039999999999993,1.5900000000000034,216.64,193.21,220.37699999999998,194.18,213.93599999999995,191.44,6.452,2.7400000000000095,-1.7939999999999994,-0.12000000000000455,218.97200000000004,195.79,222.391,199.36,215.04099999999997,194.39,7.225999999999997,4.970000000000027,-2.906,4.970000000000027,2571274.4000000004,3846893,3444376.4000000004,4710476,1974583.2000000002,3071746,1469793.2000000002,1638730,-281970.5490000002,-936994
10,2018-05-06,214.01,201.888,219.34399999999997,204.74,211.087,200.0,7.764000000000003,4.740000000000009,-3.2840000000000003,4.680000000000007,216.392,203.778,220.37300000000002,205.68,212.731,201.0,6.5820000000000025,4.680000000000007,-3.6159999999999997,4.3700000000000045,211.25200000000004,201.312,216.49899999999997,203.66,210.66700000000003,199.56,7.114000000000001,4.099999999999993,-2.866000000000001,4.079999999999984,213.86700000000002,203.122,218.54599999999996,205.16,210.909,200.26,7.421999999999999,4.900000000000006,-3.6179999999999994,4.900000000000006,3108156.4000000004,3070951,4919564.3999999985,3361255,2161073.0,2700843,2758491.4000000004,660412,-128589.94299999998,292334
11,2018-05-13,212.29799999999997,202.14,215.82999999999998,205.67,212.23999999999995,199.27,7.592000000000002,6.399999999999977,-3.647999999999999,-5.389999999999987,216.15500000000006,202.96200000000002,219.33599999999993,206.04,212.13099999999997,200.76,7.02,5.280000000000001,-3.4139999999999997,-5.280000000000001,209.608,200.5,216.11999999999998,204.67,206.81699999999998,198.45,7.115999999999998,6.219999999999999,-3.3459999999999996,-6.219999999999999,209.41599999999994,201.54,217.843,205.76,208.81599999999997,198.96,7.542000000000002,6.799999999999982,-2.480000000000001,-6.799999999999982,3305707.4000000004,2750019,5146862.6000000015,3385944,2270850.0,2259183,2876012.5999999996,1126761,-292366.40599999996,-460287
12,2018-05-20,205.47,199.472,211.719,201.96,201.96300000000005,197.74,7.289999999999999,4.219999999999999,-2.582,-2.1699999999999875,208.75000000000006,200.68599999999998,214.314,202.93,203.68300000000005,198.8,7.185999999999998,4.129999999999996,-2.5660000000000007,-3.5200000000000102,203.72499999999997,198.03,207.986,200.0,200.11599999999996,196.56,6.518000000000001,3.4399999999999977,-2.8359999999999994,-2.069999999999993,206.944,199.568,213.03599999999994,201.76,204.19599999999997,198.67,7.237999999999998,3.0900000000000034,-1.4260000000000008,-2.7299999999999898,3331081.5999999996,2183923,5050947.0,2737706,2313240.4000000004,1686498,1771523.1100000003,1051208,195501.87099999996,-439987
13,2018-05-27,203.23899999999995,197.9875,210.66200000000006,198.75,201.077,197.09,7.702000000000002,1.6599999999999966,-4.5280000000000005,0.75,204.97100000000003,199.19,212.07100000000003,200.42,201.25200000000004,198.45,7.678000000000001,1.9699999999999989,-3.9860000000000007,1.9099999999999968,201.40899999999996,196.585,207.96300000000005,198.28,198.989,195.1,7.195999999999998,3.1800000000000064,-4.491999999999999,3.1800000000000064,204.20899999999997,197.81,210.81300000000002,199.59,203.115,195.74,7.764000000000003,3.8499999999999934,-3.328,3.8499999999999934,3432664.4000000004,2892499,5152680.6000000015,5253129,2401121.4000000004,1827016,2751559.2,3426113,-67855.21699999999,-519776
14,2018-06-03,200.65600000000003,202.562,206.51400000000004,204.98,197.95900000000003,200.73,7.9079999999999995,4.25,-5.204000000000001,4.25,201.87800000000001,204.09599999999998,207.277,206.75,198.708,201.69,8.02,5.060000000000001,-4.892000000000001,5.060000000000001,198.64999999999998,202.136,204.64,204.41,195.711,200.07,7.369999999999999,4.340000000000003,-4.935999999999998,4.340000000000003,200.36599999999999,203.55599999999998,206.08599999999998,206.59,198.001,201.06,7.904000000000002,5.530000000000001,-3.884,5.530000000000001,3485419.5999999996,2280314,5173358.199999999,2408362,2447795.4000000004,2170219,2725562.8,238143,-200456.47700000004,-238143
15,2018-06-10,199.644,205.142,202.25200000000004,206.59,198.393,202.55,3.99,4.039999999999992,-0.804,-4.039999999999992,200.71400000000003,205.946,203.08200000000002,206.79,199.18699999999998,205.06,4.09,1.7299999999999898,-0.186,-1.7299999999999898,198.24499999999992,203.25799999999998,201.32799999999995,205.0,195.77300000000005,200.11,3.9359999999999995,4.889999999999986,-0.23000000000000004,-4.889999999999986,199.56600000000003,204.706,202.33099999999996,205.12,198.05000000000004,203.63,4.722000000000001,1.4900000000000089,0.8380000000000001,-0.15000000000000568,2948857.0,2775552,3889702.0,5449476,2309057.2,1806066,1580644.7999999998,3643410,-458688.7170000001,3146584
16,2018-06-17,200.83799999999997,199.672,203.56600000000003,202.53,199.181,197.39,4.254000000000001,5.140000000000015,0.42400000000000004,-5.140000000000015,201.71200000000002,200.33599999999998,204.11599999999996,204.57,200.16300000000004,197.44,4.224,7.129999999999996,0.5080000000000001,-7.129999999999996,199.742,197.122,202.62599999999998,200.25,198.188,194.59,4.2559999999999985,5.6599999999999975,0.662,-5.069999999999993,201.11899999999997,198.732,203.359,204.17,199.20699999999997,195.52,4.834000000000001,8.649999999999977,0.95,-7.6699999999999875,2635541.2,2731292,3429279.2,3206804,2128751.8,2348279,1300527.4000000004,858525,-182243.25399999993,-4653
17,2018-06-24,201.13099999999997,196.27200000000002,203.98200000000003,196.84,199.368,195.5,4.114000000000001,1.3400000000000034,-1.3200000000000003,0.4900000000000091,201.83599999999996,198.088,204.49899999999997,199.9,200.58900000000003,196.33,3.6339999999999986,3.5699999999999936,-0.7120000000000001,3.089999999999975,199.807,195.01,202.641,196.46,198.48899999999998,193.64,4.414,2.8200000000000216,-1.132,2.8200000000000216,201.43599999999992,195.998,203.57300000000006,196.72,200.04299999999998,194.92,4.152000000000001,1.8000000000000114,-0.06000000000000002,0.9199999999999876,2576461.4000000004,2520537,3846923.4000000004,2922503,1949796.4000000004,1978686,1897127.0,943817,521488.35999999987,-250953
18,2018-07-01,200.24499999999998,196.5275,202.41199999999998,197.09,197.742,195.46,3.8620000000000005,1.6299999999999957,-1.2700000000000002,1.6299999999999957,200.92,197.595,203.57100000000005,198.95,199.383,195.89,4.004000000000001,3.0600000000000023,-1.0819999999999999,2.170000000000016,198.73499999999996,195.1075,200.60000000000002,196.39,197.643,193.51,4.302,2.8799999999999955,-0.902,2.8799999999999955,200.87400000000005,196.5375,202.607,197.46,198.484,195.52,4.522000000000002,1.9399999999999975,-0.23400000000000004,1.9399999999999975,2572716.0,1672065,3811095.4000000004,2019274,1967615.5999999996,1228949,1843479.7999999998,790325,106458.11000000004,-191057
19,2018-07-08,199.68300000000005,199.68,202.22599999999994,201.0,198.09599999999998,198.14,3.286000000000001,2.8600000000000136,-0.7380000000000001,2.1300000000000243,200.67700000000002,201.00599999999997,203.628,202.58,199.04799999999994,199.82,3.892,2.7600000000000198,0.24000000000000005,0.9499999999999886,198.22999999999996,198.67,200.618,200.39,196.13299999999998,197.4,4.177999999999999,2.9899999999999807,0.07600000000000001,1.9300000000000068,200.16000000000003,200.03799999999998,202.294,201.48,198.46599999999998,197.68,4.264000000000001,3.7999999999999825,0.496,0.6500000000000057,2640038.8,1773710,3848054.8,1967088,2026053.2000000002,1626079,1822001.5999999996,341009,361481.7320000001,-341009
20,2018-07-15,199.70100000000002,201.17,201.80200000000002,202.22,198.06500000000005,199.33,3.2800000000000007,2.8899999999999864,-0.562,-2.2199999999999993,200.95700000000002,202.61,203.56000000000006,203.17,198.88400000000004,201.58,4.109999999999999,1.589999999999975,0.29200000000000004,1.3599999999999852,198.22099999999998,199.864,200.37,201.35,195.898,198.25,4.1179999999999986,3.0999999999999943,0.015999999999999997,-1.8300000000000125,199.90599999999998,201.78599999999997,202.22999999999996,202.2,198.279,201.11,3.882,1.089999999999975,0.114,0.839999999999975,2395952.0,2057188,3201283.8,2616350,1906439.7999999998,1468091,1294844.0,1148259,450743.24399999995,867806
21,2018-07-22,199.58800000000002,201.736,201.17500000000004,208.68,198.21999999999997,192.94,3.002,15.740000000000007,-0.986,7.140000000000014,200.16400000000004,205.452,202.42199999999997,210.6,199.065,201.54,3.650000000000001,9.060000000000002,-0.5300000000000001,9.060000000000002,197.944,200.054,200.28599999999997,206.85,195.38799999999998,190.57,3.847999999999999,16.28,-0.46599999999999997,9.169999999999987,199.202,203.856,200.70300000000003,207.96,197.93599999999995,198.84,3.535999999999999,9.120000000000003,-0.862,8.579999999999984,2294631.2,3979474,3113029.0,8186488,1797611.7999999998,2247991,1315417.2000000002,5938497,278447.824,-1021136
22,2018-07-29,198.80500000000004,207.666,199.86000000000004,210.98,197.277,205.92,2.7720000000000002,5.060000000000001,-0.6220000000000001,-2.3300000000000125,199.79000000000002,209.332,201.382,212.78,198.394,205.99,3.621999999999999,6.789999999999992,0.08800000000000001,-1.6699999999999875,197.28,205.43599999999998,198.90400000000002,206.87,195.14499999999998,203.85,3.4900000000000007,3.0200000000000102,0.14600000000000002,0.4399999999999977,198.618,207.46200000000002,199.70100000000002,212.32,196.75100000000006,205.12,3.4560000000000017,7.199999999999988,-0.664,2.1699999999999875,2150958.4000000004,2136196,2546403.8,3573142,1730016.7999999998,1300321,816387.0,2272821,-31191.86200000001,-740620
23,2018-08-05,199.43799999999993,206.98,201.34399999999997,208.49,196.88000000000002,203.81,4.892000000000001,4.680000000000007,1.8339999999999994,-3.6399999999999855,201.84199999999998,207.642,203.77000000000004,209.61,199.482,204.13,4.007999999999999,5.480000000000019,3.326,-3.3300000000000125,198.05800000000002,204.974,200.886,207.37,194.24699999999993,201.0,5.6140000000000025,6.3700000000000045,2.9939999999999998,-4.240000000000009,199.643,205.83,202.01499999999996,208.57,197.67700000000002,201.96,3.5499999999999985,6.609999999999986,2.5860000000000003,-4.739999999999982,2400594.8,1427352,3542340.5999999996,1893208,1709959.2000000002,1052133,1832381.4000000004,841075,-280823.22299999994,829018
24,2018-08-12,201.735,201.27,205.03099999999998,203.28,199.91799999999998,199.25,5.635999999999999,4.030000000000001,1.2700000000000002,1.259999999999991,204.079,202.81,207.257,204.99,201.356,201.08,4.652000000000003,3.9099999999999966,2.3740000000000006,2.200000000000017,200.13699999999994,199.946,203.61499999999998,201.89,196.19699999999997,197.11,5.6540000000000035,4.779999999999973,2.5179999999999993,2.3899999999999864,201.93599999999995,201.93400000000003,206.079,204.77,200.372,199.84,4.630000000000001,4.930000000000007,2.8359999999999994,4.930000000000007,2323726.5999999996,1714878,3672468.4000000004,2028914,1574286.2000000002,1587360,2098182.2,441554,-473041.674,11528
25,2018-08-19,202.76100000000005,204.554,207.20799999999997,205.77,199.718,203.0,6.245999999999997,2.7700000000000102,0.21600000000000003,-2.4399999999999977,204.91699999999997,205.25,209.091,206.04,202.08,203.15,5.1359999999999975,2.8899999999999864,1.2739999999999998,-0.3100000000000023,201.26400000000004,203.196,204.83899999999997,204.39,198.619,201.46,6.352,2.9299999999999784,1.0939999999999996,-0.5900000000000034,203.79400000000004,204.518,207.94199999999998,205.69,201.60500000000005,202.75,5.564000000000004,2.9399999999999977,1.5000000000000004,0.6899999999999977,2274784.0,1661344,3647255.2,2091753,1538923.0,1367312,1952186.1100000003,724441,-219635.459,-415119
26,2018-08-26,203.27,208.72,207.22599999999994,209.71,199.811,206.18,6.479999999999999,3.530000000000001,0.042,3.3899999999999864,205.313,210.48,208.92899999999997,211.72,202.493,208.5,5.365999999999998,3.219999999999999,1.5239999999999991,3.219999999999999,201.66400000000007,208.30200000000002,204.921,209.44,198.86000000000004,205.85,6.710000000000001,3.5900000000000034,1.1860000000000006,3.5900000000000034,204.17400000000004,209.872,207.88500000000005,210.92,201.70499999999998,208.33,5.790000000000001,2.589999999999975,2.3560000000000016,2.589999999999975,2263017.5999999996,2041686,3659620.4000000004,2240787,1531179.2000000002,1777219,1552665.1100000003,463568,-99583.11000000004,166235
27,2018-09-02,204.37599999999998,210.77,207.55600000000004,212.24,201.01799999999997,208.29,6.455999999999998,3.9500000000000175,-0.002,1.6899999999999975,205.84199999999998,212.25,208.698,213.37,203.12599999999995,210.75,5.6259999999999994,2.6200000000000045,1.1900000000000002,2.2199999999999993,202.66800000000003,208.9825,205.55900000000005,211.07,198.922,207.35,6.676,3.719999999999999,1.434,2.430000000000007,204.72,211.435,207.71599999999998,212.74,201.834,208.6,6.16,4.140000000000015,2.326,3.969999999999999,2183848.8,2290639,3554701.0,2739156,1511023.4000000004,1951460,1835552.1100000003,787696,-190553.03600000008,630687
28,2018-09-09,205.90699999999998,210.704,207.73499999999996,213.68,203.80599999999998,207.34,4.014000000000001,6.3400000000000025,-0.752,-4.840000000000003,206.63799999999998,212.556,208.6550000000001,216.37,204.64499999999995,209.14,4.457999999999998,7.230000000000018,0.022000000000000002,-6.0800000000000125,204.43499999999997,208.492,206.24299999999997,212.86,202.46200000000002,205.9,4.137999999999998,6.960000000000008,0.31800000000000006,-5.710000000000008,205.923,209.67,207.98300000000003,212.93,203.81500000000003,206.71,4.854000000000003,6.219999999999999,1.1280000000000003,-5.050000000000012,1796291.2000000002,2639415,2365560.8,4936955,1416869.0,1721586,948691.8,3215369,98631.406,-678159
29,2018-09-16,207.36100000000002,212.298,207.69100000000003,217.32,205.111,207.46,3.792,9.859999999999985,0.05200000000000002,9.859999999999985,208.05900000000003,214.204,208.48799999999997,217.87,206.64799999999997,210.19,3.6239999999999988,7.680000000000009,0.8,7.680000000000009,205.896,211.24599999999998,207.31799999999996,215.61,202.93699999999995,207.3,4.277999999999999,8.310000000000002,0.7160000000000001,8.310000000000002,206.718,213.15599999999998,207.824,216.33,204.04299999999998,209.53,4.241999999999999,6.800000000000012,1.4880000000000007,6.800000000000012,1827179.7999999998,2557310,2198763.5999999996,5563733,1547096.7999999998,1610393,651666.8,3953340,356912.81100000005,3953340
30,2018-09-23,208.092,212.50799999999998,208.83999999999997,215.39,205.87200000000004,209.53,4.1240000000000006,5.859999999999986,-0.188,-5.859999999999986,210.68000000000004,213.34799999999998,211.42299999999997,215.87,207.55200000000008,211.28,3.974,4.590000000000003,0.25,-4.590000000000003,206.55200000000008,210.49599999999998,208.42799999999994,212.69,203.05800000000002,208.87,4.395999999999997,3.8199999999999936,0.42200000000000004,-3.8199999999999936,207.48599999999996,211.208,210.36200000000002,213.51,205.009,210.11,4.1640000000000015,3.3999999999999773,1.4260000000000008,-2.7999999999999825,2069592.4000000004,1984653,2807513.0,2500188,1680987.4000000004,1609765,1126525.5999999996,890423,5183.0779999999995,455195
31,2018-09-30,209.93999999999997,213.99599999999998,210.93799999999996,216.0,206.59900000000002,212.38,5.289999999999999,3.620000000000005,1.5319999999999994,1.9499999999999889,212.08500000000004,215.454,212.93799999999996,217.34,208.96800000000002,213.4,4.728,3.9399999999999977,1.3460000000000008,1.6299999999999957,208.51300000000003,212.28799999999998,210.36300000000003,214.94,205.102,211.06,5.102,3.879999999999996,1.606,-0.25,209.73,214.138,211.734,215.76,206.61300000000003,212.19,4.538,3.5699999999999936,1.7999999999999998,1.0,2238078.8,1908149,3514476.8,2140502,1685594.0,1682524,1828882.7999999998,457978,980768.2559999997,311482
32,2018-10-07,211.02899999999997,207.40400000000002,213.08400000000003,213.13,207.54699999999997,200.87,5.9079999999999995,12.259999999999993,0.8480000000000001,-12.259999999999993,212.72899999999998,208.468,214.88300000000004,214.58,209.99699999999999,202.55,5.068,12.03,0.49,-12.03,209.52599999999998,203.174,211.94299999999998,212.26,206.91,195.93,5.279999999999999,16.329999999999984,0.96,-16.329999999999984,211.068,204.38,213.2,214.37,208.41899999999995,196.73,4.630000000000001,17.64000000000002,1.1019999999999999,-16.14000000000002,2302740.5999999996,2886946,3596163.8,3525211,1734084.5999999996,1666709,1862079.2000000002,1858502,599116.5920000002,1131407
33,2018-10-14,211.83799999999997,200.50599999999997,214.49099999999999,202.34,208.05200000000005,197.82,5.925999999999998,4.520000000000009,0.56,2.300000000000012,213.458,202.122,215.91,203.77,210.66200000000006,200.7,5.212,3.0700000000000216,0.172,0.4000000000000057,210.077,198.77200000000002,212.74099999999999,200.44,208.076,197.42,5.337999999999997,3.0200000000000102,0.192,0.9500000000000172,211.921,200.886,214.033,202.93,208.94299999999998,198.94,4.825999999999999,3.990000000000009,0.784,0.9099999999999966,2276033.2,2216663,3576106.8,3167309,1715145.5999999996,1812792,1569089.1100000003,1354517,1150802.9329999997,1354517
34,2018-10-21,210.88100000000003,190.40599999999998,214.922,201.25,205.821,183.31,7.588000000000001,17.939999999999994,-2.2299999999999995,-17.939999999999994,212.36100000000002,193.078,216.28300000000002,203.4,208.367,186.66,7.094000000000001,16.74000000000001,-2.6780000000000004,-16.74000000000001,208.493,186.5,213.23099999999997,199.69,207.12899999999996,181.98,7.860000000000001,17.710000000000008,-3.5600000000000005,-17.710000000000008,210.51000000000002,189.678,214.4459999999999,201.36,206.268,184.54,7.526,16.820000000000018,-3.2379999999999995,-16.410000000000025,2395294.5999999996,4720765,3733317.8,8255645,1658195.4000000004,3263250,2075122.4000000004,4992395,1100797.2980000004,282993
35,2018-10-28,208.25100000000003,189.93,211.82999999999998,193.66,202.821,186.83,7.224,6.829999999999983,-0.802,5.810000000000002,208.718,191.752,211.86400000000006,194.47,206.33799999999994,188.88,6.2620000000000005,5.5900000000000025,-1.3820000000000001,5.5900000000000025,206.14699999999993,187.90200000000002,208.94499999999994,191.6,205.37699999999998,183.16,7.072000000000001,8.439999999999998,-2.2279999999999998,8.439999999999998,208.75400000000008,190.178,210.43899999999994,192.81,204.103,185.79,7.08,7.020000000000009,-2.0459999999999994,7.020000000000009,2310744.2,2788938,3379388.5999999996,3069676,1676436.5999999996,2242755,1702952.0,826921,1214679.5709999995,202120
36,2018-11-04,204.12499999999994,197.792,209.02599999999995,204.0,198.39899999999997,193.27,8.84,10.72999999999999,-6.362,10.5,206.64499999999995,199.946,211.24099999999996,204.27,201.86000000000004,194.56,8.073999999999998,9.710000000000008,-6.265999999999998,9.439999999999998,201.44199999999995,196.21,206.99500000000003,200.73,201.21799999999996,192.21,8.952,8.519999999999982,-7.431999999999999,7.489999999999981,204.05800000000002,199.002,209.97400000000005,204.07,199.75800000000004,193.25,9.083999999999998,10.819999999999993,-6.688000000000001,7.849999999999994,2743435.2,2438988,3917771.0,2886526,2007008.0,1900381,1910763.0,986145,766644.899,-457245
37,2018-11-11,200.81,199.972,205.44099999999995,203.24,197.02699999999996,197.52,9.033999999999997,5.719999999999999,-4.027999999999999,2.670000000000016,205.04199999999997,203.518,208.921,209.77,198.87000000000003,200.77,8.273999999999997,9.0,-4.229999999999999,9.0,198.05900000000003,197.75799999999998,203.97000000000003,202.6,196.021,196.24,9.876000000000003,6.359999999999986,-3.1099999999999977,6.099999999999994,199.85200000000006,201.476,208.24799999999993,209.0,195.543,197.04,9.808000000000002,11.960000000000008,-4.110000000000002,11.960000000000008,2904292.2,2702883,4031668.5999999996,3157494,2133606.0,2168809,1898062.5999999996,988685,580402.6210000002,-149593
38,2018-11-18,198.2,202.2125,202.77400000000006,207.83,193.75200000000007,197.76,10.456000000000001,10.070000000000023,-2.318,-10.070000000000023,200.65000000000006,203.01,204.633,208.05,195.76600000000002,198.68,9.427999999999999,9.370000000000003,-2.1099999999999977,-9.370000000000003,195.38,200.0025,201.53300000000002,204.37,191.21599999999995,196.79,10.803999999999998,7.5800000000000125,-3.4319999999999995,-7.5800000000000125,196.82500000000002,200.395,203.85100000000006,205.58,191.66500000000002,196.8,11.258000000000001,8.780000000000001,-3.354000000000001,-8.780000000000001,3010460.0,2182586,4180873.4000000004,3220380,2177177.4000000004,999927,2003696.0,2220453,455821.8500000001,-2220453
39,2018-11-25,195.96000000000004,201.582,200.44499999999996,204.36,191.481,198.57,9.148,5.7900000000000205,0.668,5.7900000000000205,198.643,204.252,202.82799999999997,207.92,194.66300000000007,201.32,8.822,6.599999999999994,1.5379999999999998,6.089999999999975,193.66800000000003,200.032,198.596,203.98,191.40899999999996,196.78,8.81,7.199999999999988,1.0539999999999996,6.6599999999999975,196.24399999999997,203.47400000000002,201.775,207.92,191.05400000000006,199.86,10.121999999999998,8.059999999999974,2.2660000000000013,8.059999999999974,2973647.4000000004,2265245,4107330.0,3171873,2277597.4000000004,1569231,1829732.5999999996,1602642,130238.94799999996,850838
40,2018-12-02,196.709,205.375,202.32499999999993,211.21,193.22699999999995,199.61,10.258000000000001,11.599999999999996,-1.8060000000000003,-8.590000000000002,198.91400000000002,206.9875,204.277,211.95,194.72,203.08,10.081999999999999,8.869999999999976,-0.41600000000000004,-7.579999999999983,194.304,201.085,200.471,207.05,191.53699999999998,197.01,9.722,10.040000000000019,-0.652,-10.040000000000019,196.14599999999993,202.97,202.87300000000005,208.76,191.73999999999998,198.24,11.08,10.519999999999982,0.32800000000000007,-10.519999999999982,2966832.0,2609600,4117944.2,2991766,2111038.1100000003,2254486,2002919.7999999998,737280,-567579.6000000001,-238968
41,2018-12-09,198.98100000000002,200.354,201.67300000000006,201.43,194.89300000000003,198.36,7.827999999999999,3.0699999999999936,2.939999999999999,1.7599999999999911,200.81400000000002,201.50799999999998,203.64799999999997,202.62,197.66400000000007,198.95,8.053999999999998,3.670000000000016,4.149999999999999,2.6200000000000045,196.99699999999999,196.97,200.402,199.7,193.68200000000004,193.64,7.620000000000001,6.060000000000002,4.2219999999999995,2.2100000000000084,198.90500000000003,198.764,202.46500000000003,202.13,193.70100000000002,196.1,9.328,6.030000000000001,5.2219999999999995,-2.2199999999999993,2475728.0,2006684,3101189.8,2473515,1776220.5999999996,1828852,1324969.2000000002,644663,-260273.11000000004,493159
42,2018-12-16,200.645,192.44,205.55100000000007,196.0,195.96800000000002,187.86,8.782,8.139999999999986,0.06000000000000002,-7.979999999999991,202.644,195.00400000000002,207.61499999999998,198.25,198.68300000000005,190.5,8.71,7.75,1.516,-7.75,198.54799999999997,188.768,202.77700000000002,193.15,195.77800000000002,183.64,7.9399999999999995,9.51000000000002,0.5260000000000001,-8.210000000000008,201.46300000000002,189.69400000000002,206.42199999999997,194.56,196.56600000000003,183.75,10.028,10.810000000000002,1.7139999999999993,-9.069999999999991,2439860.4000000004,3751824,3085607.8,6699190,1778566.7999999998,2547591,1307041.0,4151599,-485321.3699999999,4151599
43,2018-12-23,201.461,184.145,204.82799999999997,191.81,197.94899999999996,179.38,7.25,12.430000000000007,-1.688,9.920000000000016,203.37400000000002,188.2175,207.22499999999994,192.3,200.13199999999998,183.54,7.5020000000000024,8.76000000000002,0.15199999999999997,8.76000000000002,198.85300000000007,181.7075,202.47500000000002,188.57,195.87300000000005,176.87,7.447999999999997,11.699999999999989,-0.5300000000000001,10.060000000000002,201.41599999999994,186.2375,205.94699999999995,190.7,197.279,178.62,9.07,12.079999999999984,-0.30000000000000004,10.75,2353399.5999999996,2573871,3003005.5999999996,2925561,1764261.0,2249502,1238744.5999999996,676059,-82474.49100000004,61888
44,2018-12-30,199.70000000000002,188.2975,203.472,190.34,194.83899999999997,186.75,7.734000000000002,3.5900000000000034,-3.8179999999999996,-3.5900000000000034,202.42799999999994,190.725,206.101,191.98,197.70400000000004,188.28,7.252000000000001,3.6999999999999886,-3.1980000000000004,0.3299999999999841,196.72,186.03,200.21099999999998,188.5,192.32999999999996,182.89,8.078000000000001,5.610000000000013,-3.3920000000000003,-2.4699999999999993,199.05900000000003,189.1425,204.392,191.32,194.021,183.76,8.84,7.560000000000002,-4.506,0.7800000000000011,2563187.8,2658276,3711344.8,3358241,1840017.4000000004,1804618,1871327.4000000004,1553623,274787.782,1190434
45,2019-01-06,196.10799999999998,192.06400000000002,200.63899999999998,193.25,191.358,190.87,8.206000000000001,2.3799999999999955,0.18,0.4799999999999898,200.24099999999996,193.37,203.67800000000003,194.11,194.72599999999997,192.3,7.129999999999999,1.8100000000000025,0.42800000000000005,0.3899999999999864,193.12599999999995,189.976,197.393,191.38,188.39799999999997,188.66,8.902,2.719999999999999,0.136,2.200000000000017,196.22799999999995,192.134,202.27499999999998,193.6,190.56600000000003,190.88,9.499999999999998,2.719999999999999,-0.6000000000000001,1.3300000000000125,2641444.8,2221052,3652381.0,2479787,2089932.4000000004,1939317,1562448.5999999996,540470,172999.11000000004,198028
46,2019-01-13,194.45300000000003,190.178,198.708,194.34,191.41299999999998,188.51,7.766,5.8300000000000125,-1.6960000000000002,3.7000000000000175,198.41299999999998,192.65,201.42699999999994,196.4,193.22099999999998,190.44,6.550000000000001,5.960000000000008,-0.7240000000000001,3.5699999999999936,191.18400000000003,189.268,195.95100000000005,192.36,186.75600000000003,187.86,8.584,4.5,-1.6899999999999997,2.5600000000000023,193.36200000000002,191.632,199.732,195.86,188.42399999999998,188.94,9.399999999999999,6.920000000000017,-2.0560000000000014,3.690000000000026,2720051.0,2373879,3689654.5999999996,2746603,2137009.8,1914426,1552644.7999999998,832177,1160508.5629999994,832177
47,2019-01-20,192.586,193.4575,195.19400000000002,194.72,191.541,192.26,5.922000000000001,2.4600000000000084,0.118,0.5,195.70300000000003,194.7025,197.395,197.16,191.93999999999997,193.16,5.137999999999998,4.0,0.87,2.6699999999999875,189.63499999999996,191.67,193.698,194.46,185.392,190.28,7.119999999999999,4.180000000000007,0.758,4.030000000000001,191.19400000000002,193.2425,196.22699999999995,195.9,187.69200000000004,192.26,7.84,3.640000000000015,0.31400000000000006,3.640000000000015,2642341.4000000004,2066478,3587258.8,2709562,2073976.0,1582949,1513282.7999999998,1126613,1309139.1100000003,-389165
48,2019-01-27,189.96300000000005,197.332,193.42499999999998,201.49,188.23899999999995,193.14,6.474,8.350000000000023,0.5060000000000001,8.350000000000023,193.00300000000001,199.222,195.57800000000003,201.77,189.633,193.45,5.596,8.320000000000023,1.06,8.320000000000023,187.63400000000001,195.18599999999998,191.393,198.29,184.29999999999998,191.07,6.808,7.219999999999999,0.8280000000000001,7.219999999999999,189.76800000000003,197.77599999999998,194.10500000000002,200.3,185.896,193.2,8.018,7.100000000000023,1.4960000000000009,5.960000000000008,2715780.4000000004,3042795,3641876.4000000004,4311097,2091090.7999999998,2168133,1550785.5999999996,2142964,960884.7410000002,-917586
49,2019-02-03,190.41599999999994,200.238,193.12199999999999,201.22,189.80599999999998,199.01,5.337999999999997,2.2100000000000084,2.202,0.210000000000008,192.77900000000002,201.34400000000002,195.002,203.08,190.508,199.85,4.845999999999998,3.2300000000000177,3.143999999999999,-0.4099999999999966,188.496,198.59599999999998,191.9,200.25,185.86900000000003,196.25,5.742000000000001,4.0,3.276000000000001,1.6500000000000057,190.47799999999998,200.71200000000002,194.18599999999998,202.57,187.742,199.82,6.584000000000003,2.75,4.0379999999999985,-0.3900000000000148,2378711.2,1816815,2843950.8,2036879,1898162.4000000004,1451833,945788.3999999999,585046,333364.06899999996,-521739
50,2019-02-10,192.91799999999998,204.78799999999998,195.36599999999999,207.09,191.394,200.93,4.522000000000002,6.1599999999999975,1.8880000000000001,5.530000000000001,194.92,206.896,196.977,210.4,192.0,201.2,4.758000000000001,9.200000000000015,3.0560000000000014,7.770000000000009,190.99699999999999,203.69400000000002,194.076,206.59,188.42499999999998,199.64,4.845999999999998,6.950000000000018,2.7079999999999997,6.360000000000013,192.785,206.19799999999998,196.076,209.72,190.32199999999997,200.91,5.588000000000001,8.810000000000002,3.0800000000000005,7.950000000000018,2472496.0,2266778,3121058.0,2967332,1881888.5999999996,1513457,1239169.4000000004,1453875,99751.06700000001,486921
51,2019-02-17,195.39899999999997,208.1925,197.527,208.93,194.31899999999996,207.77,4.245999999999997,1.1599999999999966,2.647999999999999,-0.13999999999998636,196.896,209.2225,198.96800000000002,209.66,194.59100000000004,208.97,4.664000000000003,0.6899999999999977,2.908,0.5099999999999909,193.57800000000003,207.2775,196.47400000000002,207.39,191.43399999999997,207.15,4.524000000000003,0.2399999999999807,3.5319999999999987,-0.2399999999999807,195.099,208.515,198.09699999999998,209.35,193.61100000000002,207.77,4.6259999999999994,1.5799999999999843,2.845999999999999,0.9399999999999976,2304203.8,1671361,2856785.5999999996,1879145,1811331.5999999996,1534158,1045454.0,344987,-145754.943,-299
52,2019-02-24,197.79500000000004,209.702,200.483,210.58,196.22999999999996,208.81,5.002000000000001,1.7700000000000102,3.658000000000001,-1.6599999999999966,199.035,210.28799999999998,201.98000000000002,211.59,196.18200000000002,209.05,6.1419999999999995,2.5399999999999916,4.384,-1.5900000000000034,196.21799999999996,208.34599999999998,199.642,210.34,194.12199999999999,206.9,5.369999999999999,3.4399999999999977,4.364000000000001,-3.4399999999999977,197.912,208.774,200.99499999999998,210.58,195.73699999999997,207.39,5.844000000000001,3.190000000000026,4.17,-3.0900000000000034,2313349.0,1854323,2954294.5999999996,2183547,1726159.5999999996,1540585,1228135.0,642962,-92888.342,-429103
53,2019-03-03,200.99599999999998,204.048,203.113,208.99,199.403,198.38,4.068,10.610000000000014,2.89,-10.610000000000014,201.731,205.15,204.12099999999998,209.98,199.57600000000002,201.17,5.087999999999999,8.810000000000002,3.7720000000000002,-8.810000000000002,199.473,201.768,201.986,205.74,196.35200000000003,198.0,4.518000000000001,7.740000000000008,3.8039999999999994,-7.740000000000008,201.289,202.85,203.102,206.86,199.28699999999998,199.86,4.776,7.0,3.619999999999999,-5.970000000000027,2172845.4000000004,2324810,2780803.0,3339599,1650106.0,1724488,1130697.0,1615111,-11410.110000000008,-265640
54,2019-03-10,204.37599999999998,206.33,206.02799999999996,208.4,202.76600000000002,201.88,3.9299999999999993,6.520000000000009,2.4580000000000015,6.520000000000009,204.977,207.792,206.832,208.66,202.98000000000002,207.16,4.795999999999999,1.5,2.9199999999999995,1.5,202.935,205.038,205.04599999999994,206.79,198.371,201.66,4.369999999999999,5.129999999999996,2.31,5.129999999999996,204.39499999999995,207.00400000000002,205.87400000000005,208.08,202.07200000000003,205.8,4.686,2.2800000000000007,2.2740000000000005,0.9800000000000182,2130414.4000000004,2545037,2675600.0,4394759,1641633.2000000002,1793356,1033966.8,2601403,-129620.45200000006,2009445
55,2019-03-17,204.484,208.326,208.12699999999995,209.1,202.267,206.8,4.382,2.299999999999983,-1.3339999999999999,-0.15000000000000568,205.30699999999996,209.66,209.19899999999998,210.54,202.75400000000008,208.49,4.894000000000002,2.049999999999983,-0.5060000000000001,-0.10999999999998522,203.05800000000002,206.33,206.19499999999996,208.31,200.617,204.47,4.474,3.8400000000000034,-0.682,-1.1400000000000148,205.40999999999997,208.016,207.98200000000003,209.61,204.08200000000002,204.66,4.666,4.950000000000017,-0.112,-3.830000000000013,1986817.4000000004,2186786,2481300.4000000004,2716057,1552904.2000000002,1734653,928396.2,981404,-95243.196,872502
56,2019-03-24,206.19799999999998,206.63,208.96300000000005,209.29,202.99599999999998,203.46,5.244,5.829999999999983,-0.07200000000000002,5.829999999999983,207.36400000000003,207.858,210.12199999999999,209.5,204.69100000000003,205.47,4.548,4.030000000000001,-0.124,4.030000000000001,204.80400000000003,204.998,207.415,206.64,202.24499999999992,202.25,4.700000000000001,4.389999999999986,0.014000000000000002,3.9499999999999886,206.66800000000003,206.78400000000002,208.979,208.53,204.95500000000007,203.21,4.572000000000003,5.319999999999993,0.16199999999999998,4.569999999999993,2132461.8,2089836,2952876.4000000004,2858396,1621208.7999999998,1670590,1331667.5999999996,1187806,340844.27599999995,837747
57,2019-03-31,206.99400000000003,212.892,209.31099999999998,215.88,204.37400000000002,209.89,4.4719999999999995,5.990000000000008,-1.2080000000000004,5.990000000000008,208.09699999999998,214.15599999999998,210.191,216.49,206.39499999999995,212.39,3.118,4.100000000000024,-1.6999999999999997,4.100000000000024,205.41299999999998,211.96200000000002,207.73999999999998,214.8,203.507,209.25,4.077999999999999,5.550000000000012,-1.4860000000000009,5.550000000000012,207.03199999999998,213.528,209.03099999999998,215.41,205.517,211.94,3.8,3.469999999999999,-2.194,3.469999999999999,2116463.4000000004,1704783,2902621.4000000004,2588445,1665448.0,1391097,1237173.4000000004,1197348,396016.4199999999,-1197348
58,2019-04-07,207.37400000000002,213.672,209.37400000000002,215.1,205.41999999999996,211.71,5.405999999999997,3.3899999999999864,-0.014000000000000002,0.3899999999999864,208.698,214.71,210.30599999999995,217.49,206.89499999999998,212.71,3.7860000000000005,4.780000000000001,-0.996,2.420000000000016,205.66400000000007,212.36,208.065,214.35,202.27599999999998,210.72,4.9079999999999995,3.629999999999996,-0.6480000000000001,0.8799999999999955,206.686,214.00799999999998,209.09500000000003,217.42,204.57000000000005,211.96,4.548,5.45999999999998,-1.4680000000000006,2.3999999999999773,2200158.4000000004,1419785,3098471.5999999996,1922409,1692734.4000000004,1130042,1405737.2000000002,792367,441370.80900000007,792367
59,2019-04-14,208.087,217.26,210.69100000000003,217.98,205.46300000000002,216.59,6.25,1.3899999999999864,1.516,1.1399999999999864,209.819,218.5075,211.79400000000004,219.67,207.57100000000005,217.36,4.097999999999999,2.309999999999974,0.14200000000000002,2.309999999999974,206.46599999999998,216.295,209.292,217.62,202.393,214.9,5.329999999999998,2.719999999999999,1.1500000000000001,2.719999999999999,207.63599999999997,217.3125,210.61400000000003,218.88,205.61200000000002,215.83,4.604000000000003,3.0499999999999825,-0.15599999999999997,3.0499999999999825,2170250.4000000004,1697682,3179451.2,1977615,1662836.7999999998,1483313,1516614.4000000004,494302,344462.75800000003,296846
60,2019-04-21,210.06400000000005,208.476,211.45500000000004,219.0,207.48599999999996,190.53,4.805999999999999,28.47,3.7159999999999997,-26.77000000000001,211.88200000000003,209.982,213.167,219.75,209.76900000000003,192.25,3.2920000000000003,27.5,2.388000000000001,-27.15000000000001,208.61,206.30200000000002,210.55200000000008,218.1,205.24799999999993,189.36,4.508000000000001,28.73999999999998,2.874,-27.91,209.86800000000002,207.90200000000002,212.62599999999998,219.5,207.42399999999998,190.72,4.295999999999998,28.78,1.5179999999999998,-26.870000000000005,1989245.4000000004,4830336,2896013.2,14646157,1543947.5999999996,1403478,1352065.5999999996,13242679,457198.5480000002,3087795
61,2019-04-28,212.39699999999996,188.43599999999998,214.09500000000003,191.52,211.55600000000004,184.5,3.7800000000000002,7.020000000000009,2.639999999999999,-5.710000000000008,214.36200000000002,189.19,216.25200000000004,192.19,212.067,186.5,3.454000000000001,5.689999999999998,2.5500000000000007,-5.5,211.01500000000001,185.938,213.76100000000005,189.75,209.50400000000005,183.38,4.025999999999998,6.3700000000000045,2.3920000000000003,-5.6599999999999975,211.92999999999998,187.15200000000002,215.73799999999997,190.21,210.47400000000002,184.75,4.4499999999999975,5.460000000000008,1.9319999999999997,-4.990000000000009,1819774.4000000004,4513121,2412584.4000000004,5654907,1481939.0,3803436,930645.3999999999,1851471,278076.86299999995,944331
62,2019-05-05,212.67500000000007,179.136,215.834,182.04,210.55000000000007,175.02,9.013999999999998,7.019999999999982,-2.6839999999999997,-7.019999999999982,214.92,179.854,218.00599999999997,183.11,210.403,176.33,8.543999999999999,6.780000000000001,-2.858000000000001,-6.780000000000001,211.258,176.726,215.59500000000006,180.13,207.14399999999998,173.01,9.006000000000002,7.1200000000000045,-2.9620000000000006,-7.1200000000000045,211.90699999999998,178.378,217.696,183.04,207.833,175.28,9.216000000000001,7.759999999999992,-2.6760000000000006,-7.1799999999999775,2348484.4000000004,5006841,4798604.3999999985,6517556,1415704.0,2990518,3382900.4000000004,3527038,960531.482,-1505215
63,2019-05-12,210.167,173.428,212.59100000000004,174.79,207.15100000000004,170.0,9.251999999999999,4.789999999999992,-4.992000000000001,-3.9399999999999977,213.18699999999998,174.37,215.69400000000005,176.97,207.068,170.26,8.876000000000003,6.710000000000008,-4.764000000000003,-4.3200000000000225,208.481,172.148,213.40699999999995,174.51,203.11999999999998,168.43,9.401999999999997,6.079999999999983,-4.884000000000002,-4.359999999999985,207.98000000000002,172.86,215.44999999999993,175.21,203.94799999999995,169.09,9.243999999999996,6.1200000000000045,-4.588000000000001,-4.979999999999991,2833141.4000000004,4316197,5357906.6000000015,5916911,1842273.2000000002,3015543,3515633.4000000004,2901368,642104.93,-1321865
64,2019-05-19,201.72,167.264,207.60400000000004,167.96,198.74599999999995,166.34,9.458,1.6200000000000043,-7.594000000000003,-1.6200000000000043,204.74899999999997,168.372,211.367,170.76,197.42099999999996,167.42,9.411999999999997,3.3400000000000034,-6.9399999999999995,-0.5400000000000205,199.82500000000002,165.632,207.68500000000006,166.46,195.25400000000005,164.59,9.716000000000003,1.8700000000000043,-7.4179999999999975,-0.2900000000000205,200.95000000000005,167.05,211.27400000000003,169.74,199.00699999999998,165.87,10.101999999999999,3.870000000000005,-6.718,-0.1599999999999966,3493553.0,3844985,6143728.800000001,4504159,2162157.4000000004,2366928,3981571.4000000004,2137231,1140476.042,-2008048
65,2019-05-26,192.89300000000003,162.76,199.11599999999996,166.8,188.515,159.83,9.738000000000001,6.969999999999999,-8.459999999999999,-6.969999999999999,195.699,163.45000000000005,202.472,166.99,188.03199999999998,160.74,9.798000000000002,6.25,-8.288,-6.25,191.06900000000002,160.87,198.355,163.35,186.619,159.63,10.206000000000001,3.719999999999999,-8.466000000000001,-3.719999999999999,192.721,161.27,201.998,163.35,189.47899999999998,159.75,10.233999999999996,3.5999999999999943,-8.193999999999997,-3.5999999999999943,4072835.4000000004,3636223,6942629.199999999,4875105,2539257.5999999996,2478748,4403371.6000000015,2396357,113714.06200000003,-1353150
66,2019-06-02,180.821,163.236,182.876,165.56,172.798,159.75,9.783999999999999,5.810000000000002,-9.011999999999999,5.810000000000002,182.67600000000002,165.172,185.74599999999995,167.09,176.62699999999998,161.5,10.003999999999998,5.5900000000000025,-8.858000000000002,5.5900000000000025,179.12199999999999,162.17600000000002,178.811,164.64,173.14899999999994,159.32,10.036000000000001,5.319999999999993,-9.068000000000001,5.319999999999993,182.66800000000003,163.90200000000002,184.833,166.61,174.889,160.04,10.398,6.5700000000000225,-8.836000000000002,6.5700000000000225,4502296.0,3247015,7447938.0,3747008,2715980.5999999996,2017674,4731957.3999999985,1729334,-58044.958999999995,-1709207
67,2019-06-09,174.53699999999998,169.09799999999998,177.9,169.91,172.733,168.11,5.484,1.799999999999983,-5.052000000000001,0.12999999999999545,175.924,169.77599999999998,179.78100000000003,170.36,172.621,168.25,5.754000000000003,2.1100000000000136,-4.678000000000001,-1.9699999999999989,172.55100000000007,167.77599999999998,176.62599999999998,168.59,169.975,166.05,5.032,2.5399999999999916,-4.229999999999999,-1.8199999999999927,173.34199999999996,168.35,178.32899999999995,169.01,172.266,166.69,5.362,2.319999999999993,-4.182,-1.5999999999999943,4263473.3999999985,2302390,5493727.6000000015,2719182,2931034.5999999996,2141467,2562693.0,577715,-1022916.7490000001,461546
68,2019-06-16,169.78200000000004,170.69,171.718,173.75,167.303,167.1,5.241999999999999,6.650000000000006,-2.747999999999999,6.650000000000006,171.90599999999998,172.27,174.25900000000001,174.56,167.90599999999998,167.43,5.734000000000002,7.129999999999996,-2.4600000000000013,7.129999999999996,168.04299999999998,169.78,170.539,172.63,165.188,166.46,4.822000000000001,6.169999999999988,-2.033999999999999,6.169999999999988,168.69200000000004,171.33599999999998,173.277,173.94,166.191,166.78,5.584000000000003,7.1599999999999975,-1.8699999999999999,6.569999999999991,4010252.2,3225788,5112147.800000001,4880902,2573882.2,1783368,2538265.5999999996,3097534,-1531266.8449999995,3097534
69,2019-06-23,167.75700000000003,172.662,169.48699999999997,173.35,166.392,171.85,4.197999999999999,1.5,-1.3180000000000005,-1.5,168.02599999999995,173.62599999999998,170.23299999999998,174.37,166.302,172.79,4.800000000000001,1.5800000000000125,-1.4980000000000007,0.030000000000001137,166.27100000000002,171.752,168.609,173.34,164.024,170.65,3.906,2.6899999999999977,-0.974,-1.5699999999999932,166.686,172.426,168.40999999999997,173.38,164.86200000000005,171.5,4.495999999999997,1.8799999999999957,-0.754,-0.039999999999992035,3469362.0,2515380,4352473.0,3600970,2404072.0,1718539,1688826.1100000003,1882431,-649565.1100000003,889066
70,2019-06-30,167.15200000000004,174.4325,168.966,175.46,165.36400000000003,173.0,4.570000000000002,2.4600000000000084,0.8,-2.4600000000000084,168.82899999999998,174.8,170.52400000000003,175.78,165.71500000000003,173.28,4.884000000000002,2.5,0.792,-2.5,165.76300000000006,172.31,167.77100000000004,173.52,163.607,169.72,3.923999999999999,3.8000000000000114,1.132,-3.8000000000000114,166.382,173.8775,169.369,174.98,164.00300000000001,172.0,4.704000000000002,2.9799999999999898,1.556,-2.509999999999991,3251280.2,1643710,4145271.2,2107994,2157637.0,1170675,1987634.2000000002,937319,-464702.87,-367298
71,2019-07-07,168.59200000000004,167.866,170.402,170.1,167.69000000000003,166.19,4.545999999999999,3.9099999999999966,0.8240000000000001,0.18000000000000682,170.84099999999998,169.53799999999998,172.09699999999998,173.36,167.31599999999995,167.31,4.532000000000002,6.050000000000012,0.906,2.880000000000024,167.33199999999997,166.748,169.94499999999994,169.25,165.12999999999997,164.29,4.087999999999999,4.960000000000008,0.876,0.4799999999999898,167.457,168.59400000000002,171.23499999999993,173.34,165.698,165.7,4.305999999999997,7.640000000000014,1.5799999999999996,4.150000000000007,2985359.2,3091832,3964633.4000000004,4536143,2027959.2000000002,2285513,1936674.2000000002,2250630,-76656.55400000002,875157
72,2019-07-14,170.66900000000004,173.982,172.176,176.35,169.87000000000003,172.75,3.6439999999999984,3.5999999999999943,1.7260000000000002,-0.37000000000000455,172.30699999999996,175.424,173.527,177.25,169.48,173.99,3.782,3.259999999999991,1.6560000000000001,-0.2599999999999909,169.30999999999997,172.528,171.63799999999998,174.1,167.38899999999998,171.21,4.104000000000001,2.8899999999999864,0.86,1.0,169.978,173.93400000000003,172.80599999999998,176.49,168.16000000000003,172.61,4.182,3.879999999999996,1.798,-0.22999999999998974,2586856.5999999996,2727559,3411211.2,3918853,1766344.5999999996,2187533,1644866.5999999996,1731320,400631.29699999996,173127
73,2019-07-21,171.371,178.076,172.55900000000005,187.01,169.999,172.81,3.2640000000000007,14.199999999999989,0.6000000000000001,4.819999999999993,172.707,179.926,174.17200000000003,187.72,170.358,175.21,3.874,12.509999999999993,1.1139999999999997,3.1799999999999784,170.01899999999998,174.25400000000002,172.00799999999998,176.66,167.889,170.57,4.032,6.0900000000000025,-0.108,-1.5600000000000025,170.91699999999997,176.738,173.54999999999998,179.42,168.82599999999996,173.98,4.395999999999997,5.439999999999998,1.3139999999999998,-0.6599999999999966,2555820.0,3855207,3569038.2,7362223,1819912.4000000004,2004610,1749125.7999999998,5357613,833460.8679999999,2011518
74,2019-07-28,171.999,174.958,174.03099999999998,177.65,170.61599999999999,172.86,3.6239999999999988,4.789999999999992,0.5,-0.9699999999999988,173.43499999999997,176.808,175.33699999999993,178.02,171.06200000000004,172.92,4.104000000000001,5.100000000000024,1.4560000000000008,-4.700000000000017,170.68200000000004,172.74,172.79000000000002,173.8,168.43999999999994,169.81,4.102,3.990000000000009,0.45599999999999996,-3.8499999999999934,172.033,174.604,174.70000000000002,177.63,170.013,170.55,4.708,7.079999999999983,1.5879999999999999,-6.20999999999998,2640853.8,2487605,3808972.4000000004,3015762,1829125.5999999996,1978939,1979846.7999999998,1036823,740562.0730000001,-215829
75,2019-08-04,172.98300000000003,164.93599999999998,176.15000000000003,168.95,170.70100000000002,162.0,5.134,6.949999999999988,0.134,-4.409999999999997,174.50900000000001,165.738,177.687,169.02,172.114,163.95,5.18,5.070000000000022,0.666,-4.270000000000009,171.22899999999996,162.188,172.92699999999996,164.42,169.48799999999997,158.04,4.0859999999999985,6.379999999999996,-1.09,-2.3899999999999864,173.114,163.95,175.55200000000008,164.71,170.922,163.47,4.364000000000001,1.240000000000009,0.14200000000000002,-1.240000000000009,2766737.5999999996,3445055,4305236.6000000015,5993166,1873374.0,1582093,2431862.5999999996,4411073,752525.7420000002,-1312564
76,2019-08-11,174.35400000000004,160.796,176.91400000000002,163.02,171.897,157.84,5.792000000000002,5.180000000000007,0.24000000000000005,-5.180000000000007,175.745,163.428,178.21799999999996,167.88,173.00799999999998,159.7,5.884000000000002,8.180000000000009,-0.28,-2.8700000000000045,172.05800000000002,159.09,173.64999999999998,162.15,168.64,155.63,4.3459999999999965,6.520000000000009,-1.546,-4.100000000000024,173.54999999999998,160.826,176.28,164.88,170.85000000000005,156.84,5.404,8.039999999999992,-1.0919999999999999,-0.5999999999999943,2761182.5999999996,3342349,4188195.0,4452733,1925454.0,1473832,2262741.0,2978901,492899.57300000003,2007945
77,2019-08-18,172.908,162.31799999999998,175.077,163.71,169.93799999999996,160.08,6.690000000000001,3.629999999999996,-0.15000000000000002,-3.629999999999996,175.09499999999997,162.798,176.75900000000004,163.95,171.65200000000007,160.35,6.397999999999998,3.5999999999999943,-0.6340000000000001,-3.5999999999999943,170.48799999999997,159.842,171.44099999999995,161.78,166.08500000000004,155.27,4.862000000000002,6.509999999999992,-1.2639999999999998,-6.509999999999992,171.56400000000008,160.368,174.189,162.95,168.45100000000002,155.85,5.055999999999999,7.099999999999994,-0.8380000000000001,-7.099999999999994,3121451.5999999996,2509773,4965229.3999999985,4224008,2007737.5999999996,1441603,2957491.8,2782405,182336.78399999993,1026010
78,2019-08-25,170.33499999999992,158.062,173.114,161.57,166.17400000000004,155.1,6.944000000000001,6.469999999999999,-1.222,4.560000000000001,170.89400000000003,159.18200000000002,175.404,162.15,168.921,157.47,6.824000000000002,4.680000000000007,-1.7839999999999994,4.680000000000007,167.977,156.78799999999998,170.72,160.41,163.393,154.0,5.174000000000001,6.4099999999999975,-2.1800000000000006,5.329999999999983,170.01,158.3,171.86800000000002,161.72,168.19400000000002,155.75,5.1359999999999975,5.969999999999999,-1.788,5.599999999999994,3171555.0,2397417,4948547.3999999985,3170688,1845401.4000000004,1967010,3103146.0,1203678,749719.2999999999,-248413
79,2019-09-01,169.57800000000003,162.0925,173.30699999999996,164.64,167.83799999999997,159.83,6.949999999999999,4.809999999999974,-1.8739999999999994,3.2399999999999807,169.315,163.3875,171.93699999999995,166.41,167.87900000000002,160.63,6.892000000000001,5.780000000000001,-2.4520000000000013,3.25,166.76500000000007,160.39749999999995,169.28,162.95,160.38400000000001,157.26,5.898,5.689999999999998,-3.682,5.689999999999998,167.29699999999997,161.72,168.414,164.23,164.744,158.64,5.780000000000001,5.5900000000000025,-3.162000000000001,5.300000000000012,3127997.8,1885167,5009578.3999999985,2421764,1696215.4000000004,1520739,3313363.0,901025,445607.6190000001,-73396
80,2019-09-08,165.61,168.24599999999998,168.17300000000003,170.59,164.99400000000003,165.0,5.404,5.5900000000000025,-1.9260000000000004,5.5900000000000025,166.124,170.23399999999995,168.5550000000001,172.48,164.38599999999997,167.85,5.325999999999997,4.629999999999996,-2.152000000000001,4.629999999999996,163.32999999999996,166.90800000000004,166.55700000000004,169.86,157.65400000000008,164.69,5.9620000000000015,5.170000000000017,-2.304,5.170000000000017,163.61,168.98000000000005,166.58900000000003,171.44,161.776,165.94,5.885999999999999,5.5,-1.91,5.5,2836439.8,3063067,4171271.4000000004,3579099,1688695.4000000004,2534191,2482576.0,1044908,525441.1249999998,-557148
81,2019-09-15,162.14999999999995,168.28,164.788,171.21,160.14199999999997,167.39,5.407999999999998,3.8200000000000216,-1.0839999999999996,-3.780000000000001,163.29899999999998,169.162,166.282,171.21,160.96800000000002,168.05,5.462,3.1599999999999966,-0.562,-2.0400000000000205,160.021,166.61,162.87300000000005,167.91,155.93099999999998,165.25,6.302,2.6599999999999966,-0.396,-1.4300000000000068,161.033,167.80200000000002,163.88300000000004,169.67,158.71300000000002,166.76,5.588000000000001,2.9099999999999966,0.392,-2.9099999999999966,2715952.2,2547269,4052471.8,3712913,1597055.4000000004,1631552,2012136.1100000003,2081361,376048.9260000001,1253607
82,2019-09-22,162.606,165.15599999999998,165.22199999999998,167.05,160.54,164.0,5.1359999999999975,3.050000000000012,0.916,-1.010000000000019,163.999,166.002,167.03799999999995,167.55,161.56800000000004,164.41,5.3740000000000006,3.140000000000015,1.2180000000000004,-1.7900000000000205,160.88100000000003,163.734,164.29599999999996,164.5,157.48599999999996,162.8,6.0600000000000005,1.6999999999999886,1.1160000000000005,-0.9799999999999898,162.03899999999996,164.77200000000002,165.46699999999998,166.76,159.301,163.83,6.439999999999998,2.9299999999999784,1.7399999999999998,-2.2299999999999898,2639554.5999999996,2722041,3569658.4000000004,3052313,1787475.0,2114937,1782183.4000000004,937376,703085.9540000001,755361
83,2019-09-29,163.29499999999996,159.528,166.6550000000001,165.21,161.03099999999998,155.14,4.8640000000000025,10.070000000000023,1.1960000000000006,-9.980000000000018,163.786,159.9,167.00699999999998,165.56,162.23599999999993,155.46,4.369999999999999,10.099999999999994,1.384,-9.509999999999991,161.65100000000007,156.39,164.62400000000002,163.94,159.885,150.81,5.2879999999999985,13.129999999999995,1.6499999999999997,-9.539999999999992,163.43399999999997,157.89600000000002,165.65200000000007,164.4,161.12899999999996,155.23,5.414,9.170000000000016,1.2780000000000005,-8.580000000000013,2480538.5999999996,2928702,3421694.4000000004,3283467,1819019.0,2574771,1602675.4000000004,708696,301390.00700000004,74088
84,2019-10-06,163.58000000000004,152.95,167.09,155.0,161.089,150.95,4.747999999999999,4.050000000000011,1.7199999999999998,-0.8700000000000045,163.68100000000004,154.656,166.866,159.6,162.72,152.44,4.277999999999999,7.1599999999999975,1.7460000000000002,4.25,162.19,151.97400000000005,164.48599999999996,154.11,159.71500000000003,150.58,4.325999999999997,3.530000000000001,2.756000000000001,0.5900000000000034,164.315,153.132,165.49799999999996,158.1,162.076,150.74,4.580000000000002,7.359999999999986,2.252000000000001,4.579999999999983,2522992.2,3333434,3187355.4000000004,4686467,1953685.7999999998,2522123,1233669.5999999996,2164344,274452.119,2164344
85,2019-10-13,164.10999999999999,161.438,167.707,163.56,161.21699999999996,158.04,5.467999999999998,5.520000000000009,-1.1880000000000004,5.520000000000009,164.41499999999994,164.074,168.178,165.49,162.39999999999998,162.39,5.362,3.1000000000000227,-1.0919999999999999,1.880000000000024,162.23699999999994,160.974,165.56100000000006,163.08,159.03899999999996,157.34,5.670000000000002,5.740000000000008,-0.21800000000000003,5.639999999999987,164.23399999999998,162.46200000000002,166.69200000000004,163.54,162.19,160.51,5.219999999999999,3.030000000000001,-0.5840000000000001,2.5900000000000034,2629249.2,2603444,3209911.2,3283072,2075238.0,1951970,1134673.2000000002,1331102,185199.11000000004,-589336
86,2019-10-20,162.03099999999998,165.364,166.63699999999997,167.41,160.14299999999997,162.51,5.315999999999997,4.900000000000006,-2.01,-2.9600000000000084,162.52200000000002,167.34,167.111,168.91,160.62300000000002,165.25,5.638,3.6599999999999966,-0.892,1.4799999999999898,160.39799999999997,163.636,163.98100000000002,166.56,157.38699999999997,159.63,5.237999999999998,6.930000000000009,-1.2380000000000004,-2.6299999999999955,162.516,166.04399999999995,165.785,168.76,161.088,161.89,5.574000000000003,6.8700000000000045,-0.7280000000000001,0.15000000000000568,2918902.5999999996,3175786,3662851.8,5959562,2275514.8,2011631,1387337.0,3947931,535590.7620000001,1093122
87,2019-10-27,160.67400000000006,167.638,165.32699999999994,168.51,158.81599999999997,166.48,5.302,2.0300000000000007,-2.023999999999999,0.460000000000008,161.188,169.388,165.78300000000004,170.15,159.53400000000002,168.56,5.331999999999999,1.5900000000000034,-1.4420000000000002,0.4399999999999977,159.22299999999998,166.202,162.87400000000005,167.51,157.04899999999995,163.55,5.352,3.95999999999998,-1.1439999999999997,0.5200000000000102,161.213,168.264,164.26200000000003,170.09,160.31599999999995,164.99,5.08,5.099999999999994,-1.3100000000000003,1.0300000000000011,2826978.0,2541668,3603646.4000000004,3138032,2159070.5999999996,1780351,1444575.7999999998,1357681,648938.909,-670593
88,2019-11-03,160.966,174.368,164.41999999999996,175.73,159.06100000000004,171.62,5.518000000000001,4.109999999999985,-1.8599999999999999,2.9600000000000084,161.85600000000002,175.40800000000004,165.44899999999993,176.71,160.092,174.87,5.431999999999999,1.8400000000000036,-0.7380000000000001,-0.12999999999999545,159.41199999999998,172.73000000000005,163.191,173.79,155.40599999999995,171.62,6.205999999999998,2.1699999999999875,-1.384,0.4900000000000091,160.86100000000005,174.368,164.24599999999992,175.27,159.193,173.15,5.872000000000002,2.1200000000000045,-0.6980000000000001,-1.75,2952681.4000000004,2886887,4052976.2,4142793,2235086.4000000004,1615589,1817889.7999999998,2527204,837605.8340000003,-2527204
89,2019-11-10,162.82,170.922,163.89400000000003,172.5,160.809,169.98,5.314,2.5200000000000102,-1.566,-0.8400000000000034,163.72400000000002,172.19400000000002,165.34599999999992,172.69,162.785,171.39,5.122,1.3000000000000114,-0.29200000000000004,0.18999999999999773,161.125,170.046,163.97000000000003,171.04,157.44899999999993,169.58,6.658000000000001,1.4599999999999795,-1.0839999999999996,1.3899999999999864,161.56000000000006,170.862,164.16100000000003,171.88,158.518,170.11,6.305999999999997,1.7699999999999818,-0.046,1.7699999999999818,2916606.8,2093408,4070120.0,2664268,2168169.2,1613987,1901950.7999999998,1050281,245646.70600000003,-47082
90,2019-11-17,165.955,168.93599999999998,166.47799999999998,171.72,164.718,165.5,4.122,6.219999999999999,1.0219999999999998,-5.289999999999992,167.258,169.532,168.07500000000005,171.72,166.642,167.0,3.470000000000001,4.719999999999999,1.5839999999999992,-3.4399999999999977,164.483,167.072,166.44199999999995,169.53,161.13099999999997,164.51,4.4659999999999975,5.020000000000009,0.922,-4.169999999999988,164.85400000000007,168.34599999999998,166.987,170.68,162.53400000000002,165.14,4.895999999999999,5.5400000000000205,1.3200000000000003,-2.9399999999999977,2908243.8,2744671,4241985.199999999,3605927,1976332.7999999998,1791801,2265652.4000000004,1814126,-265868.3989999999,903627
91,2019-11-24,168.85700000000003,169.675,168.77800000000002,170.43,166.291,168.47,3.816,1.960000000000008,1.0280000000000002,1.960000000000008,170.16300000000004,170.6375,169.823,171.37,169.53300000000002,170.25,2.2980000000000005,1.1200000000000043,0.772,0.2300000000000182,167.49599999999995,168.8375,168.188,169.51,164.04799999999994,167.87,4.052000000000001,1.6399999999999864,1.0819999999999999,1.3899999999999864,168.39999999999998,169.9625,168.85400000000007,170.61,165.08599999999998,169.23,3.7780000000000005,1.380000000000024,0.758,-0.4699999999999989,2660238.5999999996,1911811,3837545.4000000004,2761863,1794705.5999999996,942523,2042839.7999999998,1819340,-669386.1020000001,-1819340
92,2019-12-01,170.18200000000002,167.51,171.55100000000007,170.16,168.78400000000005,166.42,3.9560000000000013,3.740000000000009,-1.1339999999999997,-2.9099999999999966,172.103,169.40599999999998,173.11499999999995,171.99,170.36,166.6,2.621999999999999,5.390000000000014,-0.29200000000000004,0.2900000000000205,168.619,165.722,170.67100000000005,168.24,165.07200000000003,162.72,3.908,5.520000000000009,-0.88,-0.9900000000000092,169.57700000000003,167.28400000000002,172.35000000000002,171.47,167.785,164.37,4.279999999999999,7.099999999999994,-0.3480000000000001,3.1999999999999886,2688484.0,2880161,3902116.4000000004,3880746,1762671.7999999998,2140161,2139444.5999999996,1740585,-207484.11000000004,1538094
93,2019-12-08,170.695,168.65200000000002,172.1,169.62,169.26400000000004,166.73,3.368000000000001,2.890000000000015,-0.15000000000000002,0.21999999999999886,172.025,170.292,173.033,171.26,170.93799999999996,168.84,2.1139999999999994,2.4199999999999875,-0.5420000000000001,-0.13999999999998636,169.32699999999994,167.498,170.85100000000006,168.79,167.07000000000002,166.32,2.8499999999999988,2.4699999999999993,-0.07600000000000001,-0.7099999999999795,170.36,168.71599999999998,172.17300000000003,169.83,168.94599999999994,167.66,3.1820000000000004,2.170000000000016,-0.472,-1.0400000000000205,2435689.0,2317516,3262576.5999999996,2872506,1548850.2000000002,1859298,1713726.4000000004,1013208,-766275.0759999998,10818
94,2019-12-15,170.80400000000003,170.696,171.76700000000002,174.79,168.743,168.94,3.7099999999999995,5.849999999999994,-0.8240000000000001,5.849999999999994,171.93799999999996,172.134,173.01899999999998,175.47,170.812,170.0,2.874,5.469999999999999,-0.5720000000000001,4.639999999999986,169.37,169.388,170.87100000000004,172.2,166.62500000000003,168.19,3.162000000000001,4.009999999999991,-0.378,4.009999999999991,170.16400000000004,171.446,172.09699999999998,175.37,168.57400000000007,169.03,3.582,6.3400000000000025,-0.038,4.6200000000000045,2503387.5999999996,3626308,3411119.4000000004,7513632,1620812.2000000002,2270426,1790307.2000000002,5243206,-196340.5529999999,4596406
95,2019-12-22,169.355,177.02,171.023,178.27,168.077,176.45,3.4660000000000015,1.8200000000000216,-1.372,-0.060000000000002274,170.457,178.0125,171.78300000000004,179.18,169.22199999999998,176.66,2.99,2.5200000000000102,-0.5740000000000001,-1.6400000000000148,168.09,175.93,169.66100000000006,176.56,166.04399999999998,175.5,3.2219999999999995,1.0600000000000025,-0.6180000000000001,-0.9399999999999976,169.034,177.25,170.84199999999998,178.47,167.518,176.59,3.5919999999999996,1.8799999999999957,0.10400000000000001,-1.210000000000008,2389513.4000000004,2261097,3157062.0,4876334,1669554.0,1259530,1487508.0,3616804,121929.11000000004,-3403335
96,2019-12-29,169.09400000000002,176.7975,171.34399999999997,177.68,167.212,175.23,4.132,2.450000000000017,-0.034,-0.2399999999999807,170.39999999999998,178.555,172.36200000000002,180.01,168.53799999999998,176.59,3.823999999999999,3.4199999999999875,0.31600000000000006,-0.30000000000001137,167.70300000000003,175.8575,169.65400000000008,177.14,165.922,175.07,3.731999999999999,2.069999999999993,-0.09400000000000001,0.039999999999992035,169.15100000000004,177.675,171.59200000000004,180.0,167.08599999999998,175.83,4.506,4.169999999999988,0.674,2.619999999999976,2696093.4000000004,2301193,4126934.8,3448335,1800841.7999999998,1574011,2326093.0,1874324,1045921.0,752191
